100.85536800033879
100.82696400058921
100.84153800198692
101.07086499920115
101.04565900110174
101.49580600045738
101.23397500137798
100.58602199933375
100.59013299905928
100.52096800063737
100.34368700144114
100.56916200119304
100.8456550007395
100.86456999852089
100.7542579973233
100.55436500260839
100.33204299907084
101.03007599900593
100.76704300081474
100.6490110012237
100.4071630013641
100.32370900080423
100.8104030006507
100.4844420021982
100.33664500224404
100.35606499877758
107.24071499862475
105.90033699918422
106.11657400295371
107.00786999950651
104.4591039972147
106.78104399994481
105.04183899683994
105.8727590025228
108.62586300208932
107.2921890008729
106.37733499970636
105.96408799756318
106.35219500181847
105.83040500205243
105.44723699786118
108.00667099829298
107.26090900061536
107.59748900090926
106.50698100289446
106.19239900188404
109.3948689995159
108.60106999825803
108.48049899868784
106.39548700055457
100.36017499805894
100.25832300016191
100.38760400129831
100.38089899899205
100.27663399887388
100.24140799941961
100.1554180002131
100.20592000000761
100.38340200117091
100.31024999989313
100.2541130001191
100.4802200004633
100.41757200087886
100.31843099932303
100.36625399879995
100.20354399966891
100.24369500024477
100.34207799981232
100.23534100037068
100.23666200140724
100.15247399860527
100.20066099968972
100.25738599870238
100.26232200107188
100.22545300307684
100.14649599906988
100.15843799919821
100.20789800182683
100.15487700002268
100.20314100256655
103.43022199958796
100.40028699950199
100.3616289999627
100.31847599748289
100.27594100029091
100.21936900011497
100.17484300260548
100.34518700194894
100.28485600196291
100.2112140013196
100.19186700083083
100.15800100154593
100.31556300236844
100.22966700125835
100.17430399966543
100.1774819997081
100.18826800296665
100.25938500257325
100.24222599895438
100.33974200268858
100.21398500248324
100.42769299980137
100.3066299999773
100.21030999996583
100.13374300251598
100.18529299850343
100.11981400020886
100.15882999869063
100.18081499947584
100.3562250007235
100.30213600111892
100.27654199802782
100.23511499821325
100.19250699770055
100.15921799640637
100.30727599951206
100.26722700058599
100.2263150003273
100.19586900307331
100.23253100007423
100.4463350000151
100.35922099996242
100.6032880031853
100.852767998731
100.48257000016747
100.43067000151495
100.32888599744183
100.2761570016446
100.25922799832188
100.33810900131357
100.26027600179077
100.19335399920237
100.24169300231733
100.13343899845495
100.2711030014325
100.33699599807733
100.5612539993308
100.6077269994421
100.58167900206172
100.53785999843967
100.51061699778074
100.46732300179428
100.42801099916687
100.39345499899355
100.37581999858958
100.27775100024883
100.24179700121749
103.0222519984818
100.54916000080993
100.57895100180758
101.5774089974002
101.47189700001036
101.39598599926103
101.39042200171389
101.33866000251146
101.28538099888829
100.90869900159305
101.25940299985814
100.23627099872101
100.28838200014434
100.22676700100419
100.77841000020271
100.22695199950249
100.49280599923804
100.27535599874682
100.27516500122147
100.21907699774601
100.30148399891914
100.24225199958892
100.20965299918316
100.1767279994965
100.12793399801012
100.20303900091676
100.14693400080432
100.19391199966776
100.14314500222099
100.17669599983492
100.32867900008569
100.25216699796147
100.20565999730024
100.33201399710379
100.19555999679142
100.38428999905591
100.26340200056438
100.20687699943664
100.17569699994056
100.16761299993959
100.15122500044527
100.23590800119564
100.12145500149927
100.18323799886275
100.14671799945063
100.15441900031874
100.1632849984162
100.16872999767656
100.15802400084794
100.15181999915512
100.17453599721193
100.16454099968541
100.25683000276331
100.25623900219216
100.28908999811392
100.30246400128817
100.25817600035225
100.2280079992488
100.21720299846493
100.7213499979116
100.61372800191748
100.56692400030443
100.86140099883778
100.5958970017673
100.4077090001374
100.57884799971362
100.37052500047139
100.36129799846094
100.27745999832405
100.31883500050753
100.83397599737509
100.36683799989987
100.36009699979331
100.30805499991402
100.27017200263799
100.33184900021297
100.26115399887203
100.17069399691536
100.18294799738214
100.1610389976122
100.1860710020992
100.21883800072828
100.14417999991565
100.31331199934357
100.26507200018386
100.21144599886611
100.17943299681065
100.30862699932186
100.26523000124143
100.23628099952475
100.17319599865004
100.32686299746274
100.26807499889401
101.7548980016727
101.54564199910965
101.50051999880816
101.4625750030973
101.41736100194976
101.37932499856106
101.31428399836295
101.22828699968522
101.18881200105534
101.16788799859933
101.01310399841168
101.07466599947657
101.02436999659403
101.23190599915688
101.0726419990533
101.01510200183839
100.95319399988512
100.89653999966686
100.1403680020303
100.16099199856399
100.13693699875148
100.1625970020541
100.28200000306242
100.21630700066453
100.17093300120905
100.17880400118884
100.12864199961768
100.25896799925249
100.1937379987794
100.18782599945553
100.17951400004677
100.26399799971841
100.22670900070807
100.15798300082679
100.3748170005565
100.3182390013535
100.28135200263932
100.20652700040955
100.21392099952209
100.21066700210213
100.24510900257155
100.21966899876134
100.1647379998758
100.11241499887547
100.1748749986291
100.12544100027299
100.14803500234848
100.1297640032135
100.3815449985268
100.33362600006512
100.22286499952315
100.37934899810352
100.30161900067469
100.22810400187154
100.23622699736734
100.14293199856183
100.86731300179963
100.830538001901
100.75510300157475
100.72389600099996
100.63140900092549
100.50367199801258
100.68744700038224
100.56209300091723
100.47486899929936
100.50949600190506
100.29566299999715
100.26023299724329
100.15088600266608
100.18649300036486
100.12718900179607
100.4011740005808
100.37395600011223
100.32633000082569
100.21759200026281
100.19268199903308
100.29175899762777
100.21364899876062
100.34328999972786
100.30938899944886
100.26305800056434
100.16410900061601
100.17946500011021
100.13416400033748
100.3529020017595
100.2850059994671
100.2431400011119
100.28298399993218
100.25724699880811
100.1627749974432
100.15377200033981
100.28218799925526
100.2248380027595
100.19493800064083
100.15600100086886
100.15620500053046
100.14564300217899
100.17421300290152
100.13797499777866
100.15213199949358
100.36543400201481
100.32662400044501
100.27242499927524
100.23916299905977
100.1715439997497
100.16729299968574
100.18914999818662
100.25347099872306
100.1969309982087
100.18995700011146
102.62049499942805
102.88529300305527
102.85853399909684
102.91014199901838
103.48843899919302
103.11304300194024
103.43714900227496
103.05381099897204
103.07103499872028
103.38139399755164
104.36703600134933
103.92145799778518
104.25591599778272
104.11622900210205
104.18293600014294
105.28570899987244
105.13030799847911
105.78945499946713
105.36006400070619
104.98544200163451
106.2736940002651
105.13358000025619
104.92897999938577
104.8743450010079
104.88688699842896
105.27790299966
105.80190600012429
105.72181500174338
104.55245100092725
104.98661599922343
104.47037799895043
106.76032900300925
103.93747800117126
103.3085380004195
103.5163790002116
108.31844000131241
104.14584600221133
105.75638000227627
107.54349600028945
105.45679400092922
105.76325599686243
103.86620499775745
106.81109600045602
108.17530500207795
105.2481050028291
104.660597997281
104.33892899891362
105.15497899905313
107.16096000032849
104.93590099940775
102.71493700201972
102.62103700006264
102.57945000194013
102.81493600268732
102.55547600172576
102.50118799740449
102.44714799773647
102.28681599983247
102.42634400128736
102.12559000137844
102.04517600141116
102.3531680002634
102.09804300029646
101.77391799879842
102.06936999747995
102.05933600082062
101.87001200029044
101.6657780019159
101.60381499736104
101.88789799940423
101.64070300015737
101.38545000154409
101.5511420009716
101.3983630000439
100.89818899723468
101.5125789999729
101.40375000264612
102.4353520006116
100.75974899882567
101.49851899768692
102.8946869992069
100.77328699844657
101.21745399737847
102.73868800140917
100.82861199771287
100.38918899954297
101.6241280012764
100.85989900107961
101.38225500122644
100.79958900314523
100.56898199763964
102.38611300155753
100.55684200051473
102.31995100184577
100.34198600260424
100.78612000143039
100.7159960026911
100.38232100123423
100.59801600073115
100.46900599991204
101.80549000142491
101.92019700116361
101.78622999956133
101.73957100050757
101.62369500176283
102.19965900250827
100.34876699864981
100.35680999862961
100.32592899733572
100.31537100076093
100.35896600311389
100.61283799950616
100.94167099668994
100.95896599887055
100.94633499829797
100.95346600064659
100.89342100036447
100.89027299909503
100.94059699986246
100.90853699875879
100.81403799995314
100.8097550002276
100.74146000260953
100.67032500228379
100.67035000247415
100.67822199926013
100.67917699780082
100.67647300093086
100.70777300279588
100.74768000049517
100.77475900106947
100.78291600075318
100.8782959979726
105.79831400173134
101.02577100042254
103.7882790005824
101.71564199845307
101.93365600207471
102.42293000192149
101.85212700162083
102.2892969995155
102.19553299975814
101.75443199841538
101.5300090002711
101.58869999941089
102.20907099937904
101.60911999992095
101.55757399843424
101.52647900031297
101.50441699806834
100.4864530004852
100.94445900176652
100.7635530004336
100.50670599957812
100.77455699865823
100.72437100097886
100.7449179996911
100.65290399870719
100.57545599920559
100.51018699959968
100.3645040000265
100.21413799768197
100.18530300294515
100.26980499969795
100.22048800237826
100.19375000047148
100.16484000152559
100.18390199911664
100.12114199707867
100.20803199950024
100.19881900007022
100.21577299994533
100.16198000084842
100.16121700027725
100.22722400026396
100.20671900201705
100.15119300078368
100.19364699837752
100.15476000262424
100.18146600123146
100.19477300011204
100.20113499922445
100.19020399704459
100.2023229993938
100.21513899846468
100.19511700011208
100.18164100256399
100.14186599801178
100.20391400030348
100.13215599974501
100.28341499855742
100.21634400254698
100.29745000065304
100.19700699922396
100.30997499779915
100.2475620007317
100.20882199751213
100.1385540002957
100.18555399801699
100.1713830009976
100.48859000016819
102.32559699943522
102.42059500160394
102.18656500001089
102.37498000060441
102.55042200151365
102.25952600012533
102.46673799701966
102.3014679994958
102.09430100076133
102.34047100311727
102.2128859985969
102.79059099775623
102.20634600045742
102.16500800015638
102.29393099871231
102.22564300056547
102.16106300140382
102.0070240010682
102.02223200030858
102.3509529986768
102.31132899934892
102.36962599810795
102.38939000191749
102.12804799812147
102.42755900253542
102.10287500012782
102.3339120001765
101.93699899900821
102.19205400062492
101.94628300087061
101.56440600258065
102.56269100136706
101.64260500096134
102.0728199982841
101.88513200046145
101.63481999916257
101.58288699676632
101.9312610005727
101.63872200064361
101.37638800006243
101.62797199882334
101.8111699995643
102.08965299898409
101.55603900057031
101.48531099912361
101.40103099911357
101.95147400008864
101.4751909970073
101.8238519973238
100.79249599948525
100.86340199995902
100.31607500059181
100.23899500083644
100.25050200056285
100.21667800174328
100.23411699876306
100.3124070011836
100.27835399887408
100.20900499876007
100.41986100259237
100.36166300051264
100.39052699721651
100.33320500224363
100.27601099864114
100.29902899987064
100.29229599967948
100.21970500019961
100.38556200015591
100.41091199673247
100.32210599820246
100.3429779993894
100.28223100016476
100.2646779998031
100.2227809985925
100.31934200014803
100.33834899877547
100.19317200203659
100.21004900045227
100.17536899977131
100.40838600252755
100.35857700131601
100.38519500085386
100.35423299996182
100.4063269974722
100.25751799912541
100.40789699996822
100.21563700138358
100.21232699727989
100.16515100141987
100.27710899885278
100.24607200102764
100.1960079993296
100.34580299907248
100.3520930025843
100.30064500097069
100.15282400127035
100.28255299766897
100.23892100070952
100.23695999916526
100.58615999878384
100.58452200246393
100.59414399802336
100.41774799901759
100.5962820017885
100.46385000168812
100.24660999988555
100.48281900162692
100.37818099954166
100.5167879993678
100.45536500183516
100.40213300089817
100.35938700093539
100.29720999955316
100.26544599895715
100.166583997634
100.17826300099841
100.14586900069844
100.1570830012497
100.314002000232
100.45808699942427
100.22293099973467
100.4095040007087
100.18356000000495
100.13476699896273
100.24008899927139
100.16561800148338
100.16072100188467
100.10237399910693
100.1876150003227
100.2341629973671
100.1578530012921
100.17630600123084
100.12642099900404
100.21268299897201
100.20713199992315
100.19776500121225
100.25388999929419
100.17237899955944
100.29026700067334
100.23298099986278
100.20999599873903
100.16383100082749
100.17692900146358
100.16485699816258
100.20706100112875
100.1759780010616
100.23372199793812
100.20621399962693
100.1980180008104
101.6037139997934
101.79470899674925
101.85325299971737
101.40999499708414
101.33967799993115
100.51078100150335
100.4994760005502
100.6023500012816
100.74704900034703
101.88216400274541
101.55998499976704
101.09923500203877
101.50197099937941
101.08116099945619
100.58057100104634
100.93741500168107
100.29855799803045
100.85005300061312
101.19240600033663
100.33564699915587
100.35806099767797
100.21835699808435
100.24516100020264
100.26164699957008
100.19508999903337
100.2211390004959
100.15700599979027
100.16347800046788
100.15822499917704
100.19573599856813
100.15948000000208
100.17926200089278
100.99693599840975
100.84976500002085
101.01036600099178
100.88656399966567
100.88981800072361
100.7418779990985
100.69770200061612
100.68608399888035
101.03823100143927
100.72572100034449
100.63658199942438
100.59374699994805
100.53804099879926
100.48244599965983
100.44064899921068
100.37137399922358
100.22537899931194
100.38005300157238
102.22373600117862
102.2105680021923
102.20277300322778
101.99895000187098
102.16579400002956
101.99867800110951
101.95264499998302
101.90222500023083
101.73895399930188
101.64874300244264
101.9760330018471
101.67189900312223
101.63184700286365
101.48282299996936
101.32802000225638
101.52010700039682
101.35754699876998
101.32830200018361
101.1659249998047
101.07945900017512
100.98585999730858
101.43487899767933
100.98439300054451
100.98586999811232
100.73869500047294
100.63403399908566
101.09271900000749
100.70316200290108
100.61420900092344
100.58485300032771
100.30085600010352
100.59834300045623
100.29536599904532
100.4712540016044
100.90808799941442
100.36898399994243
100.30385699792532
100.24499200153514
100.38849500051583
100.31029699894134
100.2417929994408
100.1566869999806
100.19994300091639
100.22842599937576
100.41978600202128
100.40661800303496
100.28806900299969
100.44376799851307
101.2094010002329
101.23118100091233
100.561999999627
100.56716699909884
100.47774700069567
100.7077640024363
100.46861199953128
100.49232500023209
100.46462500031339
100.3996619983809
100.31827000057092
100.30698199989274
100.27795499991043
101.15933300039615
101.10912399977678
101.08301799846231
101.01498900257866
100.97943499931716
100.935179998487
101.37393500190228
101.06298800019431
101.62304700133973
101.33634700105176
101.32514200086007
101.26377800042974
101.50576100204489
101.32634899855475
101.25740399962524
101.14095500102849
100.89604400127428
100.76160199969308
102.95964900069521
100.65758600103436
101.99743699922692
101.24869200080866
101.7222260015842
112.85797999880742
112.30499699740903
108.80757300037658
111.9940749995294
111.71969499991974
113.23734000325203
113.2389750018774
110.61904899906949
114.47277900151676
113.45491300016874
115.24109300080454
112.79497600116883
111.7286669978057
112.68826100058504
111.63662200124236
114.39900700133876
100.24766000060481
100.28438200242817
100.38808299941593
100.42017399973702
100.24034100206336
100.23422700032825
100.24472399891238
100.17187099947478
100.18088099968736
100.10543799944571
100.1710490018013
100.11776099781855
100.16943200025707
100.1389939992805
100.12967100192327
100.15608799949405
100.14832399974694
100.13514999809559
100.1571970009536
100.17926200089278
100.18670600038604
100.17914899799507
100.15586000008625
100.20906399950036
100.16226699735853
100.2407679989119
100.1935729982506
100.13000999970245
100.17719700044836
100.12190400084364
100.17355799936922
100.23283999908017
100.18600100011099
100.12197900141473
100.14446599961957
100.13031699782005
100.20405999966897
100.2215439984866
100.16871599873411
100.28490899640019
100.25400200174772
100.20732300108648
100.15988500163076
100.1353370011202
100.1179900013085
100.15431700230693
100.16697399987606
100.11762199792429
100.1599070004886
100.13947600236861
100.23734000060358
100.40930299874162
100.21365799912019
100.22399700028473
100.15276400008588
100.23859599823481
103.21517400006996
103.01043200161075
103.0578259997128
103.01659199831192
102.98367599898484
102.91713300102856
103.68317299798946
102.87688199969125
103.22143600205891
102.56628199931583
102.47018100199057
103.0039389988815
103.25976999956765
102.75135600022622
102.52443500212394
102.42846800247207
102.15530799905537
107.23577400131035
105.6506979984988
106.33123200022965
105.77410699988832
105.46994700052892
108.51214499780326
108.20421600146801
110.07902699930128
109.0283810008259
107.73177100054454
107.70694299935712
107.55078500005766
107.20760899857851
107.40791400166927
106.90231600165134
106.4338130017859
109.3179660019814
109.71280099693104
110.25910100215697
109.07141600182513
107.16512200087891
107.4369400012074
109.47887800284661
109.03248499744222
108.86647200095467
108.37497700049425
107.00365099910414
100.46825999961584
100.45687700039707
100.32806899835123
100.33616299915593
100.2194540014898
100.40216500055976
100.27506799815455
100.14711899930262
100.27578200242715
100.21713199967053
101.19032899820013
100.21191800115048
100.20197400081088
100.1603629993042
100.25657699952717
100.22587400089833
100.3244329986046
100.27026500029024
100.2201499977673
100.31770400019013
100.28365100151859
100.28585699910764
100.259961996926
100.21507299825316
100.15872300209594
100.19663799903356
100.20948900273652
100.20241500023985
100.15520399974776
100.19043300053454
100.31759000048623
100.2817580010742
100.227630999143
100.16424000059487
100.13967199847684
100.17717399750836
100.13184499985073
100.18132600089302
100.23342199929175
100.23996900054044
100.17571999924257
100.15343600025517
100.31880200040177
100.23920299863676
100.17013400283759
100.22085599848651
100.18210500129499
100.23369400005322
100.18049599966616
100.19296700193081
100.23016099876259
100.26363799988758
100.28983300071559
100.25092199794017
100.26578099859762
100.34892900148407
100.28072600107407
100.27030299897888
100.2438549985527
100.20137900210102
100.20105100193177
100.18002599827014
100.19764200114878
100.2157030015951
100.18402999776299
100.21561400208157
100.17129900006694
100.3169319992594
100.24035999958869
100.13986899866723
100.20352599894977
100.32200000205194
100.23358200123766
100.3834729999653
100.20738899766002
100.33598099835217
100.3667309996672
101.68040099961217
100.74886600341415
100.73574699708843
100.71549400163349
100.50915999818244
100.34346600150457
100.21993400005158
100.2177299997129
101.32371299914666
101.18782999779796
100.26908799773082
101.05736799960141
101.07812500064028
101.17050899862079
101.12116299933405
101.07222000078764
101.00963799777674
100.89503799827071
100.87052199742175
100.83350800050539
100.75531099937507
100.59294600068824
100.5929209968599
100.36073900118936
100.44015400126227
100.64026699910755
100.60589199929382
100.49157299727085
100.44169400134706
100.30359599841177
100.25062899876502
100.22090600250522
100.1383850016282
100.17288299786742
100.5198359998758
100.4685480002081
100.4292110010283
100.34427700156812
100.30749299767194
100.24637999958941
100.21524599869736
100.16984499816317
100.3594100002374
100.32088300067699
100.23364299922832
100.20396999971126
100.31037699809531
100.24584699931438
100.17341500133625
100.15960999953677
100.31050000179675
100.26553200077615
100.2023389992246
100.18836399831343
100.29388700058917
100.18651700011105
100.37875800117035
100.13800600063405
100.16276000169455
100.290837999637
100.23698000077275
100.19763500167755
100.41555700081517
100.25073900033021
100.18305599805899
100.27083499880973
100.21554000195465
100.16279599949485
100.16719499981264
100.16633499981253
100.19316299803904
100.13958999843453
100.29587699682452
101.6934890030825
101.75089300173568
101.89664000063203
101.88088900031289
101.97165299905464
102.04995700041763
102.09841200048686
102.22805499870447
102.25818899925798
102.33152900036657
102.2919089991774
102.48938199947588
102.22028199859778
102.42964500139351
102.12485999727505
102.06523799934075
101.94789899833268
101.87964299984742
101.83156900166068
103.05255899947952
102.29123399767559
102.2429699987697
102.89625299992622
102.16388200205984
102.01265299838269
102.19272399990587
102.10308299792814
102.04037699804758
102.04942900236347
101.95916999873589
101.90953500205069
101.80827200019849
101.77874999862979
101.77717400074471
101.74568300135434
101.71765399718424
101.68611699918984
101.47560000041267
101.31280399946263
101.27634499804117
101.2064630012901
101.03836900088936
101.22502199737937
101.10146000079112
101.0538499976974
101.03104299923871
100.16240299955825
100.18406800008961
100.13656700175488
100.37757399913971
102.85295299763675
103.03131299951929
102.9370789983659
102.90468799939845
102.84621599930688
102.67679000025964
102.8834190001362
102.78111700245063
102.59898099684506
102.88476899950183
102.74155399747542
102.5692170005641
102.44491099729203
102.40201399938087
102.35969999848749
102.0505080014118
102.19932999825687
102.10897199795
102.48504099945421
103.22879900195403
102.0958659973985
102.0309380000981
101.9301650012494
101.97843400237616
101.90584399970248
101.6766809989349
101.90161899663508
101.68498200073373
101.42864099907456
101.704074000736
101.44210699945688
101.39297500063549
101.83216699806508
101.21796100065694
101.53195900056744
101.1923209989618
100.87963300247793
101.60319799979334
101.26980100176297
101.14968699781457
101.03625399642624
100.95983299834188
100.94571499939775
100.7736030005617
100.68884900101693
101.03034599887906
100.68966900144005
100.49637200063444
100.49219199936488
100.77034900314175
103.287404999719
103.34473499824526
103.17579800175736
103.40812199865468
103.19706299924292
103.12438000255497
103.03274400212104
103.23650399732287
103.03382799975225
103.02095899896813
103.0093500012299
102.99394200046663
102.98044100272818
102.99372900044546
102.90373699899646
102.88243600007263
102.92234399821609
102.75378499864019
102.71007800110965
102.66375599894673
102.59379200215335
102.56820500217145
102.48893600146403
102.50215999985812
102.47665799761307
102.40032599904225
102.32599600203685
102.35147999992478
102.35285400267458
102.32459899998503
102.3044680005114
102.28469700086862
102.25410600105533
102.20153499903972
102.17491900039022
102.14361600083066
102.11271200023475
102.08252300071763
102.05832499923417
101.98422600296908
101.99900400039041
101.95265500078676
101.91133300031652
101.94621600021492
101.77155900237267
101.73613799997838
101.620200999605
101.64778600301361
101.61691500252346
101.63599500083365
101.78193100000499
101.9219849986257
101.94288400089135
101.9141809993016
101.63932700015721
101.67096900113393
101.63539800123544
102.19931000028737
103.42291599954478
102.68474999975297
103.8095580006484
101.83977600172511
102.052141999593
101.72398500071722
102.02724599730573
101.88533200198435
104.6715319971554
101.7719829978887
101.72486100054812
102.020738999272
103.70437999881688
101.8747109992546
103.36697200182243
101.74637000091025
101.92551600266597
101.61709000021801
101.79113300182507
101.69720200065058
101.63626500070677
101.65757800132269
101.52361399741494
101.57233799691312
101.51710900026956
101.45493999880273
101.38823500165017
101.25945000254433
101.19998000300257
101.20655200080364
101.11694400256965
101.09782799918321
101.02150099919527
100.9482850022323
100.91320100036683
100.91829099837923
100.86868199869059
100.681149000593
100.7807239984686
100.72296799989999
100.64830199917196
100.6285260009463
103.74953499922412
103.88693999993848
103.91537399846129
103.91979400083073
104.2722460006189
104.05575099866837
104.1509019996738
104.11447099977522
104.20457500003977
104.50272299931385
104.59355000057258
104.81581700150855
104.81909800000722
104.76659699997981
104.69541500060586
104.63870000239694
104.52947899830178
104.4990250011324
104.47643500083359
103.59550700013642
103.47578400251223
103.31139000118128
103.13702700295835
103.04946699761786
102.77906699775485
103.0377259994566
102.67550900243805
102.83213699949556
102.491788999032
102.73961499842699
102.4534339994716
102.40267599874642
102.41794399917126
102.34684999886667
102.26397599763004
102.18906199952471
102.12704799778294
101.99802500210353
101.86237600282766
101.78449999875738
101.7811139972764
101.65976499774843
101.61874899858958
101.55644200131064
101.59883799860836
101.54611200050567
101.46920999977738
101.41860200019437
101.34991700033424
101.32295299990801
102.1093210001709
102.16641500301193
102.06449600082124
102.00553400136414
102.34152500197524
101.97259499909705
101.63327600093908
101.99273599937442
101.87089700048091
101.66668400052004
101.58743400097592
101.52995699900202
101.46915299992543
101.41075199862826
101.34492900033365
101.29982700163964
101.25310600051307
101.2201230005303
101.16542399919126
101.11014900030568
101.08424600184662
101.14067399990745
100.91847600051551
100.87172799831023
101.1677479982609
100.88433100099792
100.78845299722161
100.77088899925002
100.75475900157471
100.60388499914552
100.52126200025668
100.34330900089117
100.25816399866017
100.64565400170977
100.25317200052086
100.48172000097111
100.42492399952607
100.36248200049158
100.32122300253832
100.20375699969009
100.19263400317868
100.31343299851869
100.18346800279687
100.15554400160909
100.17861699816422
100.1525740030047
100.17436199996155
100.18331200262764
100.21743700053776
101.36529599913047
102.56754900183296
101.47851199872093
101.60190999886254
101.508420000755
101.57213600177784
101.58590100036236
101.91882500294014
101.77960800137953
101.81685399948037
101.8885190023866
103.63649200007785
102.39774599904194
102.46261399879586
102.98232999775792
102.60486900006072
102.0460110012209
102.07956599697354
102.51902000163682
103.07608500079368
102.13345699958154
102.12110300199129
104.2139130004216
103.37950000030105
102.22374900331488
102.30068900273181
102.95089600185747
102.41719000259764
102.3440489989298
102.72152800098411
102.40109599908465
102.40652600259637
102.41631700046128
102.33488900121301
102.64638499938883
102.44395999689004
102.41898999811383
102.44107300241012
102.38032499910332
102.30601399962325
102.26790399974561
102.24275300060981
102.06854200077942
101.9351020004251
102.25951900065411
101.89641800025129
101.88932100209058
101.87949600003776
101.89241999978549
101.75457999866921
101.75706000154605
100.2311970005394
100.32487599892193
100.29159099940443
100.27731399895856
100.22790099901613
100.27785299826064
100.22967999975663
100.14544099976774
100.18751600000542
100.15731800012873
100.22880700125825
100.13149899896234
100.15554900019197
100.14922399932402
100.17013400283759
100.12775900031556
100.19233800267102
100.12757200092892
100.16852300032042
100.11622800084297
100.24678599802428
100.21274499740684
100.31164999963949
100.23525199721917
100.20847099804087
100.25054499783437
100.19223699782742
100.11196899722563
100.21971400055918
100.32486699856236
100.31949900076143
100.33673900034046
100.2658449979208
100.27182900012122
100.18651299833436
100.19361800004845
100.16375699706259
100.36470100021688
100.31385099864565
100.23846499825595
100.2163630000723
100.34592200099723
100.27894500308321
100.25350000069011
100.26601899880916
100.19117000047117
100.25060199768632
100.1734999990731
100.25565500109224
100.26246599954902
100.50447500179871
100.66420899966033
100.54155300167622
100.70314000040526
100.5693719998817
100.51066900268779
100.51607800050988
100.4624999986845
100.4963890009094
100.43231199961156
100.40547599783167
100.32368800239055
100.32657799820299
100.26405100143165
100.31659100059187
100.55400100100087
100.38527700089617
100.60152599908179
100.24994400009746
100.49470300145913
100.32557399972575
100.28289099864196
100.36783599935006
100.29134099750081
100.1963179987797
100.137913999788
100.37704800197389
100.33539500000188
100.14821000004304
100.22291200220934
100.1565730002767
101.63488800026244
100.38464600074803
100.36564700203598
100.32386500097346
100.34998199989786
100.33666700110189
100.29795900118188
100.20867799903499
100.33756700067897
100.26490200107219
100.19104499951936
100.19085300154984
100.2034970006207
100.1802860009775
100.15423699951498
100.23491499669035
100.16986499977065
100.2290680007718
100.17782499926398
100.31486300067627
100.44532699976116
100.34711900152615
100.34226399875479
100.21293200043146
100.29072099860059
100.33091300283559
100.29410900096991
100.26917300274363
100.24749000149313
100.19029200338991
100.23543100032839
100.35940699890489
100.25368399874424
100.25434199997107
100.20618499765988
100.1640780013986
100.17622299710638
100.19010100222658
100.35861100186594
100.21912999945926
100.28073700232198
100.37156999896979
100.47475900137215
100.4254569998011
100.35031699953834
100.29684799883398
100.59705399908125
100.34340499987593
100.25564600073267
100.31245400023181
100.26938000009977
100.16835499845911
100.1599979972525
100.36983899772167
100.3358020025189
100.28492999845184
100.35696100021596
100.33527300038259
100.40504799690098
100.27641700071399
100.27596400323091
100.28650499953073
100.2314600009413
100.21668899935321
100.30371500033652
100.22368700083462
100.31902400078252
100.24413299834123
100.20885899939458
