101.01669700088678
100.85856300065643
100.7829390000552
101.35955499936244
100.75818200130016
100.86953499921947
100.85981900192564
100.74877300212393
100.53456499736058
100.79204700014088
101.3391970009252
101.37196299911011
100.76345299967215
101.40285300076357
100.33430600014981
100.4713010006526
100.33454600124969
100.36137299903203
100.46729700115975
100.33404599744244
100.51314399970579
100.84955399725004
100.72133100038627
100.86300500188372
100.52815500239376
100.5552960014029
100.59187400111114
101.02605300198775
101.00342800069484
101.18839500137256
100.52841000288026
101.19740200025262
100.90018099799636
100.7426630021655
100.34917799930554
100.31924400027492
100.31227900253725
100.25704800136737
100.28705800141324
100.360988999455
100.91627700239769
101.1785279988544
101.19443200164824
101.57589400114375
101.53158699904452
101.18060899912962
101.49369400096475
101.07188500114717
101.42091599846026
101.39146999790682
101.44525400028215
101.54903600050602
101.64389399869833
101.69686899826047
101.79440399952
101.8146539972804
101.81616000045324
101.7886349982291
101.88587199809263
102.099466999789
100.62862899940228
100.61975799908396
101.03282300042338
100.76550799931283
100.69208599816193
100.6126550018962
100.82238399991184
100.92186900146771
100.58510600356385
100.49406399775762
101.11628799859318
101.13400399859529
101.06432800239418
101.20720400300343
101.06654500123113
101.8941089969303
101.23508999822661
101.00276299999678
100.84506200291798
100.82074599995394
101.39038099805475
101.66817899880698
101.48061899963068
101.75902400078485
101.58976999809965
101.66748600022402
101.6589050013863
101.51537899946561
102.17062199808424
101.95455500070238
100.62668099999428
100.4714660011814
100.57066099761869
100.32137800226337
100.2205889999459
100.28058899843018
100.28451199832489
100.47120499802986
100.3023650009709
106.52043600202887
100.22435899736593
100.2600470019388
100.15900899816188
100.35427000184427
100.2348570000322
100.13921599966125
100.23515300053987
100.2361969985941
100.19591899981606
100.17133400106104
100.36592899996322
100.45352100132732
100.59990900117555
100.65078000116046
100.7300919991394
100.80730299887364
100.85738300040248
100.98190200005774
100.90722099994309
100.96921600052156
100.5030739979702
100.91440000178409
100.89955600051326
100.7046779996017
100.81327799707651
100.48856000139494
100.63791399807087
100.89328699905309
100.70978000294417
101.02593600095133
100.54002399920137
100.55293899858952
101.31854500286863
101.14379699734855
100.6259410023631
101.33718599900021
101.05079600180034
101.26300500269281
101.24939199886285
101.69258700261707
101.05873700013035
101.0330069984775
101.2114080003812
101.17079699921305
101.20495199953439
101.31796099813073
101.42143299890449
101.4504869999655
101.55484999995679
101.80026600210113
101.00982000221848
100.85925800012774
100.79843800122035
100.89757099922281
100.79157300060615
100.66171400103485
100.90548999869497
100.79144200062728
100.69343199938885
100.84557799928007
100.67941399756819
100.97652799959178
100.79410899925278
100.98938699957216
100.9879519988317
101.08434100038721
101.10326400172198
101.11032099666772
101.10972199981916
101.29956400123774
100.67897399858339
100.51161599767511
100.96267200060538
100.72374700030196
100.5925900026341
100.3810969996266
100.38184600125533
100.53834800055483
100.6481199983682
100.48317199834855
100.59972599992761
100.4677820019424
101.03564900055062
100.81254999749945
100.52575900044758
100.73059700152953
100.42584500115481
100.37999500127626
100.59191799882683
100.80447700238437
100.42677399906097
100.47786100039957
100.65574800319155
100.25617399878683
100.44769900196115
100.28250200048205
100.24001200144994
100.23671000089962
100.2472710024449
100.60725700168405
100.39657399829593
100.60113999861642
100.66753700084519
100.73640299742692
100.74152300148853
100.85873300340609
100.67643000002136
100.76209599719732
100.46342399800778
100.55321799882222
100.5604999991192
100.4331820004154
100.73936700064223
101.01754700008314
101.20664599890006
101.19160699832719
101.2251069987542
101.17962499862188
101.41948199816397
101.43124499882106
100.56908099795692
100.72318499805988
100.84285600169096
100.67776600044454
100.85250300107873
101.08547300114878
100.88946300311363
100.67821099801222
100.7727239993983
100.95127900058287
100.5910580024647
100.736226002482
101.44114099966828
101.40743800002383
101.25017699829186
101.02221600027406
100.96437499669264
101.00949199841125
101.0192290013947
101.03217199866776
100.53592300027958
100.52461000304902
100.58910399675369
100.47296799893957
100.56184600034612
101.54557799978647
101.80367800057866
101.8331160012167
101.97456699825125
102.1987399981299
100.41727700081537
100.48802500023157
100.39689599943813
100.56545399856986
100.43012399910367
100.6793460001063
100.98090799874626
100.77356100009638
100.87502800161019
101.1119390022941
100.61407199827954
100.48647200164851
100.49245600021095
100.42669999893405
100.8114750002278
100.65593300168985
100.43546899760258
100.53710899956059
100.63232099855668
100.57417599819019
100.60362900185282
100.77264900246519
100.57321400017827
100.46298599991133
100.50063899689121
102.09724100059248
101.09238800214371
100.86365900133387
100.6854419974843
100.65806299826363
100.65291899809381
100.9383969976625
100.83557100006146
100.54302100252244
100.60329000043566
100.61035400212859
100.88482399805798
100.85384900230565
100.77648300284636
100.87112600012915
100.32105299978866
100.3592099987145
100.28632299872697
100.29078600200592
100.44770099921152
100.32285100169247
100.30197000014596
100.50430299816071
100.46983199936221
100.41538899895386
100.48249300234602
100.53812000114704
100.41453200028627
100.40156199829653
100.32921500169323
100.44731900052284
100.43627300183289
100.27220900155953
100.75573900030577
100.81684300166671
100.60386100303731
100.72044700063998
100.68820800006506
100.59031900163973
100.59653499774868
100.6368169983034
100.34389300199109
100.72601499996381
100.31444200285478
100.3504990003421
