100.8279420020699
100.75265699924785
100.69280799871194
100.7322679979552
100.74041599727934
100.59751500011771
100.66200399887748
102.67662499973085
102.60664900124539
102.65837100087083
102.69730100117158
102.63424100048724
102.54868600168265
104.34820599766681
102.38296999887098
104.47820700210286
102.54570200049784
102.10664099940914
101.9171070001903
102.52777400091873
104.28594399854774
101.58192600283655
103.62709900073241
101.577871999325
102.15745299865375
101.50086199791986
101.27432399895042
101.16563200062956
100.80268599995179
100.64003699881141
100.53619299651473
100.38649600028293
100.20107700256631
100.25813300308073
100.21376800068538
102.23771199889597
100.31725500084576
100.22515300079249
100.52795899900957
100.3108129989414
100.2582099972642
100.30123699834803
100.34876200006693
100.22268999819062
100.22574600225198
100.25603000030969
100.22659500100417
100.27068900308223
100.17137199974968
100.22635199857177
100.8981759987364
100.22141200170154
100.22892499910085
100.24890400018194
100.21297099956428
100.24945199984359
100.43573700022534
100.23789199840394
100.44966400164412
100.45171700039646
100.4532820006716
100.50128399961977
100.57400799996685
100.67248300038045
100.7161929992435
100.80226100035361
100.82561000308488
100.84325999923749
100.87192200080608
100.89599599814392
100.9978609981772
101.05509300046833
101.09158200066304
101.03675400023349
101.10400799749186
101.13269399880664
101.11132200108841
101.14474700094434
101.17882800113875
101.21230999720865
101.26460600076825
101.29172999950242
101.32813699965482
101.36131800027215
101.32427400094457
101.36279899961664
101.4494899973215
101.50611399876652
101.54693699951167
101.58463400148321
101.65616999802296
101.69331100041745
101.73682200183976
101.77448300237302
103.06404500079225
102.3246439981449
102.31173700231011
102.74459300126182
103.04193200136069
103.71151100116549
100.27734200048144
100.42910799893434
100.31344600065495
100.18718400169746
100.36906199820805
100.26979299800587
100.40845600087778
100.32096099894261
100.26797899990925
100.37619000286213
100.32244700050796
100.25022199988598
100.21948499706923
100.34484499919927
100.2775679990009
100.21719300129917
100.27907100084121
100.37768199981656
100.25453100024606
100.33056099928217
100.24737600178923
100.14480999961961
100.16715799793019
100.17117300230893
100.22996899715508
100.15766300057294
100.16971400182229
100.23462000026484
100.41656499743112
100.27627299859887
100.25290799967479
100.19007699884241
100.54171700176084
100.61480600052164
100.31980200074031
100.64045100079966
100.57722199780983
100.48260899930028
100.45273500145413
101.43217500080937
102.06181000103243
102.68413700032397
100.56829699897207
100.42911699929391
100.22232199844439
100.13762800008408
100.21219700138317
100.17311900082859
100.29389000192168
100.28205100024934
100.22689000106766
100.19097199983662
100.1396149986249
100.30369599917321
100.27589899982559
100.22115399988252
100.17581400097697
100.15648800253985
100.29569700054708
100.19993300011265
100.16596400237177
100.55156800081022
101.09400500004995
104.91029399781837
104.66795799948159
100.59536900007515
100.37296099835658
100.868288998754
100.94961899812915
100.8735949981201
100.5530180009373
100.52060399902984
100.43644500183291
101.09284200007096
101.15584099912667
100.77795699908165
100.78141999838408
100.62945900062914
100.59013099817093
100.55422100049327
100.35989199968753
101.1140569971758
100.27092999735032
100.44393299904186
100.66986799938604
101.05979400032084
100.65317100088578
100.5420410001534
100.47751399906701
100.75702700123657
100.42178799994872
100.37216100317892
101.05765000116662
100.64259600039804
100.83402700183797
100.60026999781257
100.54796999975224
100.37447899958352
100.23061799802235
100.22015000140527
100.21135900024092
100.23709600136499
100.20557800089591
100.27736199845094
100.27215499940212
100.23019499931252
100.18442499858793
100.17265900023631
100.11504700014484
100.16406900103902
100.1258569995116
100.28832999887527
100.23045900015859
100.18391300036456
100.13270700073917
100.21011700155213
100.16572099993937
100.362111999857
100.30978700160631
100.21765299825347
100.20207499837852
100.14767499887967
100.28673800115939
100.2234640000097
100.18944600233226
100.1343000025372
100.22643500269623
100.17491599865025
100.31081000124686
100.25315199891338
100.1833020018239
100.16366399941035
100.23540299880551
100.2013720026298
100.32233899983112
100.31448199879378
100.26291000031051
100.24001100100577
100.29014099927736
100.22827500142739
100.19195600034436
100.27399799946579
100.22700799891027
100.16681200067978
100.19048399772146
100.26061399912578
100.18682699956116
100.20862799865426
100.16464200089104
100.25245799988625
100.27150699897902
100.3087159988354
100.23486999853048
100.17993899964495
100.52922500108252
100.36017799939145
100.34747800091282
100.21227000106592
100.41883499798132
100.2059240017843
100.30694500164827
100.28074200090487
100.20962600174244
100.20945300129824
100.22548900087713
100.22929099795874
100.43547499662964
100.36632500123233
100.37269399981597
100.33184699932463
100.28304300067248
100.26084100172739
100.25848900113488
100.27569199883146
100.22747200127924
100.19009199822904
100.13006100052735
100.19364599793334
100.15097799987416
100.21651499846485
100.15586800000165
100.28564899766934
100.25831299935817
100.23508099766332
100.19861799810315
100.28487199815572
100.2386350010056
100.21940000297036
100.17114899892476
100.28411200255505
100.25628099901951
100.24031300054048
100.18325800047023
100.1927280012751
100.13713700027438
100.16730200004531
100.2398450000328
100.17654699913692
100.36291600044933
100.23373500007438
100.48570099752396
100.5600369971944
100.58215100070811
100.36067599867238
100.66623199963942
100.69556500093313
100.65300000132993
100.6317389983451
100.61156699885032
100.55395300150849
100.53924300154904
100.36413299894775
100.53058499761391
100.23555500083603
100.41526600252837
100.21918100028415
100.37304299839889
100.32004299864639
100.26272100003553
100.2688250009669
100.17469400190748
100.26907700012089
100.23854199971538
100.20177600017632
100.14185800173436
100.18144400237361
100.15350899993791
100.27443999933894
100.21613199933199
100.30667500177515
100.21152300032554
100.2318409991858
100.17041500032065
100.12457199991331
100.28850999879069
100.25804299948504
100.18216400203528
100.12031699807267
100.19814999759546
100.17601000072318
100.13162000177545
100.13012799754506
100.15783400012879
100.15289500006475
100.42866100047831
100.21084400068503
100.14444600165007
100.29460199802998
100.2385489991866
100.2294250029081
100.20142299981671
100.13876700031688
100.18112000034307
100.20163299850537
100.13708000042243
100.17321099803667
100.18545999992057
100.27893499864149
100.24337499999092
100.16656999869156
100.254226999823
100.22592899986194
100.15615999873262
100.33017699970515
100.26171099889325
100.2262170004542
100.2087950000714
100.14174500247464
100.19553700112738
100.18131200195057
100.11664500052575
100.63434900075663
100.60463000263553
100.64314400005969
100.578432000475
100.45793899917044
100.32321700055036
100.29868400306441
100.61661500003538
100.20651900049415
100.3342519979924
101.05337399727432
100.17061600228772
100.98485100024845
101.1532080010511
101.48002100322628
100.91460200055735
101.17750900099054
100.91964299863321
101.20587499841349
100.9440009984246
100.88221600017278
100.8763550016738
100.83957000097143
100.76829899844597
100.78220300056273
100.71625800264883
100.66753999853972
100.60852700189571
100.61584599679918
100.20033500040881
100.24990600140882
100.40807600307744
100.25692400085973
100.19464699871605
100.30220199769246
100.28024299754179
100.25545900134603
100.19874300269294
100.25067700189538
100.22509299960802
100.18376100197202
100.20428300049389
100.21535200212384
100.17341999991913
100.23364899825538
100.2686050014745
100.15036600088933
100.30748200006201
100.28296599921305
100.25529999984428
100.23433700189344
100.26235899931635
100.26175200255238
100.37729200121248
100.41524400003254
100.31114700177568
100.22410099918488
100.21161799886613
100.3510250011459
100.28351599976304
100.2864629990654
100.24318499927176
100.18984400085174
100.17739099930623
100.31107399845496
100.28215800048201
100.11497600135044
100.32444800162921
100.1913340005558
100.3022709992365
100.26428699711687
100.14962399873184
100.16756299955887
100.32445999968331
100.54760099956184
100.30579199883505
100.31670600073994
100.18203299841844
100.29137099991203
100.25570400102879
100.19351699884282
100.12780800025212
100.153033999959
100.22636099893134
100.18017300171778
100.13479300323525
100.47901000143611
100.2654240000993
100.22730700075044
100.22972600199864
100.21015899837948
100.18048199708574
100.12910599834868
100.12128399830544
100.33257699979004
100.26592199938023
100.16617099972791
100.35842499928549
100.2729370011366
100.19418400042923
100.26433500024723
100.29656700135092
100.23295599967241
100.20206600165693
100.13103600067552
100.16717500184313
100.20252700269339
100.20304700083216
100.19219099922339
100.30170299796737
100.27275199900032
100.18469200076652
100.30716899927938
100.15057100099511
100.31407600035891
100.21105800115038
100.15807599847903
100.18060699803755
100.18502700040699
100.31302300194511
100.24069900100585
100.19875899888575
100.26793600263773
100.18999000021722
100.12134499993408
100.14990499985288
100.16114999962156
100.2234719999251
100.19608299990068
100.28011400208925
100.25071899872273
100.2005519985687
100.51091000059387
100.38677800184814
100.3481859988824
100.32112399858306
100.2678590011783
100.22916900197743
100.38722700119251
100.37062199990032
100.34978699695785
100.30527600247297
100.27414000069257
100.21766200225102
100.13066600004095
100.24693399827811
100.24001799683901
100.18124999987776
100.26303000267944
100.20239199729986
100.14264400160755
100.16944899689406
100.14807500192546
100.13282600266393
100.16095600076369
100.14429100192501
100.1461570012907
100.1205230022606
100.2011290001974
100.1571540000441
100.19211300095776
100.1912829997309
100.18505900006858
100.32137999951374
100.24769699884928
100.17758899994078
100.20966099909856
100.30124100012472
100.222061999375
100.15767200093251
100.2079429999867
100.13633299968205
100.1891930027341
100.11895700154128
100.1955449974048
100.14564599987352
100.20502200131887
100.21251199941617
100.14761200000066
100.1910749982926
100.128111000231
100.20323199933046
100.1929839985678
100.10768299980555
100.18555200076662
100.1157980026619
100.15690799991717
100.13963700112072
100.17565700036357
100.1272869980312
100.18187699824921
100.11280099934083
100.15365399885923
100.1789430010831
100.14500900069834
100.28833400065196
100.21361299732234
100.17032600080711
100.16987299968605
100.15141800249694
100.23485000056098
100.22945799937588
100.15737099820399
100.16153399919858
100.16897200330277
100.19110099892714
100.26642399679986
100.33777399803512
100.27080200234195
100.20383499795571
100.30442399875028
100.22015600043233
100.12842499781982
100.16799799996079
100.19204800119041
100.1995580008952
100.15290999945137
100.17801299909479
100.12370299955364
100.18194099757238
100.13295300086611
100.20988600081182
100.18893400047091
100.14007299832883
100.14820000287727
100.1800110025215
100.26175299935858
100.25809099897742
100.23513399937656
100.24240200073109
100.24239100312116
100.34475800057407
100.1452180025808
100.33723900050973
100.18950599987875
100.14768000110053
100.15682499943068
100.1560229997267
100.17012599928421
100.22016299990355
100.15921000012895
100.1965610012121
100.28848399815615
100.24562699982198
100.17998600233113
100.29397299877019
100.22175099948072
100.24114599946188
100.18563999983598
100.16393999831052
100.2004579968343
100.12011399885523
100.15306900095311
100.20101499685552
100.11421400122344
100.16157599966391
100.31404999972438
100.22136200132081
100.88882100171759
100.33334500258206
100.2951030022814
100.23861099762144
100.1886599988211
100.31377000268549
100.32868700000108
100.61986300206627
100.49086599974544
100.46258299917099
100.39240100013558
100.40115199808497
100.14237400173442
100.19763500167755
100.13989900107845
100.87415700036217
100.37317699971027
100.58869700151263
100.32689099898562
100.23477800132241
100.28933300054632
100.20551500201691
100.3110059973551
100.26929499872494
100.2353919975576
100.20195499964757
100.1705970011244
100.12142699997639
100.17827800038503
100.36901399871567
100.31780600183993
100.32486599811818
100.34193599858554
101.34471999845118
100.15440900315298
100.36111199951847
101.27913099859143
100.654026002303
100.25834200132522
101.23857299913652
101.74062299847719
101.11995400075102
100.21479600254679
101.66725700037205
100.24229200280388
100.61263899842743
100.2398450000328
100.25753100126167
100.23752200140734
100.16559200084885
100.15370199835161
100.15624000152457
100.15837799801375
100.15462000228581
100.29520299940486
100.26530899995123
100.22262199709076
100.18377600135864
100.15979000309017
100.17944799983525
100.21664699888788
100.18500799924368
100.20886600250378
100.17868599970825
100.1968959972146
100.153434999811
100.31983699809643
100.25324499656563
100.2893690019846
100.27397600060795
100.27323600297677
100.35096700084978
100.34692999761319
100.35744799824897
101.28973600149038
101.25246299867285
101.21342500133323
101.0568739984592
101.00241899999673
100.92388900011429
100.78915699705249
100.71716799939168
100.66855699915322
100.5970480000542
100.54173199750949
100.49912099930225
100.43844000028912
100.43781199783552
100.27127300054417
100.20344700023998
100.14203000173438
100.18922000017483
100.19449500032351
100.18897199915955
100.18618699905346
100.30794699923717
100.24902200166252
100.20330299812485
100.13404300116235
100.18901000148617
103.50032099813689
100.42946599787683
100.3646019998996
100.17544800211908
100.37464999913936
100.21824499926879
100.18874800152844
100.17457800131524
100.18368599776295
100.26984700016328
100.22728699914296
100.16195999924093
100.15608699904988
100.27870200065081
100.2250780002214
100.15767699951539
100.29172799841035
100.25961899737013
100.19268199903308
100.17424699981348
100.19209799793316
100.17730099934852
100.17595200042706
100.12198999902466
100.15013900192571
100.14537700044457
100.14655200211564
100.2766480014543
100.24038399933488
100.16596800051047
100.19748999911826
100.2252979997138
100.24566600259277
100.22707000098308
100.1699180014839
100.18200799822807
100.14007400241098
100.14881800088915
100.30603599807364
100.27368100054446
100.21932100062259
100.17511900150566
100.14508300082525
100.28160200090497
100.22466699956567
100.18209600093542
100.16706999886082
100.22943499643588
100.22215299977688
100.17771300044842
100.16046599776018
100.13658199750353
100.16539000207558
100.27194600115763
100.20401700239745
100.1391709978634
100.27948100105277
100.15834200021345
100.32049300207291
100.21885400055908
100.23989900219021
101.19410200059065
100.98640900105238
100.82337900166749
101.10756399808452
101.42487099801656
102.14838300089468
101.38056499999948
101.92505699887988
101.5077649972227
102.27542199936579
100.24174399950425
100.23061800166033
100.22379500151146
100.18989399759448
100.16757400080678
100.26634500172804
100.21448499901453
100.1707350005745
100.2103469982103
100.13913299917476
100.1611879983102
100.13459299807437
100.16185600034078
100.30721600196557
100.25300199777121
100.22192399992491
100.3843299986329
100.29686699999729
100.29658499843208
100.17284599962295
100.3808579989709
100.35695600163308
100.28513699944597
100.20232399983797
100.3922239979147
100.44940199804842
100.40628299975651
100.36084199964534
100.27330000229995
100.27034199811169
100.20946800068486
100.15555599966319
100.28274800060899
100.23322299821302
100.17486899960204
100.28828600115958
100.25943599976017
100.22177299833857
100.20437099956325
100.286706998304
100.26147899770876
100.1939140005561
100.30075699978624
100.20889599763905
100.25638800289016
100.17228699871339
100.15569200186292
100.1713949990517
100.13654499925906
100.18984799899044
100.1494919983088
100.21566400246229
100.15783100243425
100.16303600059473
100.13338099815883
100.28203999900143
100.23124899817049
100.17133099972853
100.19902199928765
100.212321998697
100.13407600126811
100.2783570002066
100.38859199994477
100.45304999948712
100.42486699967412
100.34674600319704
100.34109700063709
100.28047200103174
100.20802600047318
100.19132999877911
100.18664299786906
100.21037299884483
100.22843199840281
100.18608199970913
100.21435499947984
100.13194800194469
100.24853700087988
100.19062299761572
100.20188500129734
100.20303099736338
100.22579200085602
100.21734199835919
100.16996700142045
100.19644199928734
100.13316299955477
100.3319459996419
100.2880730011384
100.26532499978202
100.22256699812715
100.35743100161199
100.26502699838602
100.26536499935901
100.1768069982063
100.27543300020625
100.23491399988416
100.19088500121143
100.34387699852232
100.28839699953096
100.23309100142797
100.2113719987392
100.27219400217291
100.25090399722103
100.42544800307951
100.40446399943903
101.71191699919291
100.11827800190076
100.16582199750701
100.14876999775879
100.15570399991702
100.16763699968578
100.17675700146356
100.11932399720536
100.20182800144539
100.16104799797176
100.16614899723209
100.18795799987856
100.14709200186189
100.2001589986321
100.20878700015601
100.1561289995152
100.14621499794885
100.17324799991911
100.15487299824599
100.17492499900982
100.17062000042642
100.15073600152391
100.18306500205654
100.16173799886019
100.1519269993878
100.16327099947375
100.17630299989833
100.23617100159754
100.28917499948875
100.24312599853147
100.20123000140302
100.22615499838139
100.29625099923578
100.21289799988153
100.36705499805976
100.21299200161593
100.30917399853934
100.28352299923426
100.28428400255507
100.25762299846974
100.16804100087029
100.19760400246014
100.15882999869063
100.18343900082982
100.1718939987768
100.17055100252037
100.36664200015366
100.26243399988743
100.26754299906315
100.30839499813737
100.29195699826232
100.22355399996741
100.25408699948457
100.30526300033671
100.26139999899897
100.2230240010249
100.29906699855928
100.2637940000568
100.22841300087748
100.17965000224649
100.39969600256882
100.27722100130632
100.21348100053729
100.31349400014733
100.30874400035827
100.1917110006616
100.31829799845582
100.23975600051926
100.25069000039366
100.20582399738487
100.15366400330095
100.11758200198528
100.19217199806008
100.21728799983975
100.21953300019959
100.13785500268568
100.21116600182722
100.13526400143746
100.35797800082946
100.31044900097186
100.23746600199956
100.28084100122214
100.1888559985673
100.13871400224161
100.4016969964141
100.26387100151624
100.25124700041488
100.17407399936928
100.38573899873882
100.35620599956019
100.3129960008664
100.29329400276765
100.22751100041205
100.19512199869496
100.18773799674818
100.2227880017017
100.17826699913712
100.31295699809561
100.26744200149551
100.21064299871796
100.31437599900528
100.26263699910487
100.21769100058009
100.17038200021489
100.24010699999053
100.22776599726058
100.23700199963059
100.55052399911801
100.49730599712348
100.32737399887992
100.27886199895875
100.22814499825472
100.41098600049736
101.13636499954737
100.48332700171159
101.4837639995676
101.47601599965128
101.2874029984232
101.1894109979039
101.19106800266309
101.14762900047936
101.89758100023028
101.1241769992921
101.35785400052555
101.84327800016035
101.06151999934809
101.34504799862043
101.33571500045946
100.89779400004772
101.10959200028447
101.39343899936648
101.06987900144304
100.94723099973635
101.3853949989425
101.27605399975437
101.33580199908465
101.80906599998707
100.73971999736386
100.6364280001435
100.41196599922841
100.36272800061852
101.10650199931115
102.5533389984048
100.39223000057973
101.65515300104744
101.59905299951788
101.56827699756832
102.074818998517
100.66327900131
100.66736199951265
100.65987699999823
101.49331099819392
100.16029799953685
100.18200299964519
100.14884900010657
100.32064899860416
100.24490000068909
100.25529300037306
100.17995399903157
100.24796500147204
100.1361429989629
100.14395300095202
100.14298199894256
100.1451400006772
100.1823440019507
100.17753099964466
100.20081200127606
100.12896299667773
100.15461000148207
100.16202399856411
100.19134400135954
100.3254389979702
100.26073200060637
100.2142540019122
100.16148299837369
100.14727100133314
100.19251799894846
100.17542300192872
100.31364199676318
100.28880699974252
100.22949999984121
100.32830999989528
100.2840670007572
100.24249299749499
100.19686699888553
100.18391899939161
100.24358599912375
100.25276599844801
100.19336500045029
100.1653700004681
100.16596100103925
100.16306299803546
100.12155699951109
100.29624399976456
100.2663270010089
100.26178999760305
100.66254800040042
100.38865599926794
100.78305400020326
100.70305499903043
100.20330100087449
100.39582900208188
100.19788800127571
100.67658800107893
100.2032699980191
100.18696400220506
100.19517199907568
100.17595799945411
100.16948799966485
100.18340799797443
100.19722700235434
100.17075900032069
100.19909800030291
100.16299600101775
100.36421100085136
100.28970499843126
100.23952099800226
100.17040099774022
100.14954500002204
100.17971200068132
100.23642999658477
100.14740699989488
100.15324800042436
100.1639759997488
100.13369200169109
100.2836199986632
100.22812600072939
100.1778120007657
100.19937800097978
100.12055500192218
100.20078299930901
100.16997599814204
100.20044400152983
100.17117099778261
100.1903369979118
100.19824099799735
100.14396499900613
100.17581799911568
100.12571799961734
100.1756409968948
100.13579800215666
100.10954400058836
100.1288570005272
100.187783002184
100.12713299875031
100.19255499719293
100.22915000081412
100.13520999928005
100.19356999691809
100.18409599797451
100.15986800135579
100.22852099791635
100.13096599868732
100.1541890000226
100.1516440010164
100.31728700050735
100.24363400225411
100.19224800271331
100.20719499880215
100.1185089990031
100.17583099761396
100.09958999944502
100.19034200013266
100.15863800072111
100.12165499938419
100.15075499904924
100.23257200009539
100.20009000072605
100.14353700171341
100.28151699953014
100.23371100032819
100.19493800064083
100.12674300014623
100.12490799999796
100.14685100031784
100.2164140008972
100.1888009996037
100.1352589992166
100.14744699947187
100.26058999937959
100.17949000030058
100.1562669989653
100.2590220014099
100.2291389995662
100.17609399801586
100.37900400129729
100.1600370000233
100.21751699969172
100.19988799831481
100.14449899972533
100.41116800130112
100.34456900029909
100.35850900021615
100.37833800015505
100.25564700117684
100.38053499738453
100.19381799793337
100.31938199972501
100.29096100333845
100.24857100142981
100.18879700146499
100.25837300054263
100.23496600115323
100.17951400004677
100.27264400196145
100.21656599928974
100.32902399689192
100.26920100062853
100.18572300032247
100.24168800009647
100.23511599865742
100.21494899774552
100.16349099896615
100.31743400031701
100.34630500013009
100.31478299788432
100.25377399870194
100.19252499841969
100.13500700006261
100.18729100193013
100.13189500023145
100.23274199920706
100.19869299867423
100.29560299881268
100.23785900193616
100.19435999856796
100.16409399759141
100.13761400114163
100.15958199801389
100.22889300307725
100.2227099997981
100.29573599967989
100.21119700104464
100.17046500070137
100.22386999844457
100.85691299900645
100.30864600048517
100.17896199860843
100.41684500174597
100.30120499868644
100.2088819986966
100.16238800017163
100.18677199695958
100.20504200292635
100.27942399756284
100.24216700185207
100.1710330019705
100.29989900067449
100.28113000225858
100.25559900168446
100.28600999794435
100.17713799970807
100.18633900108398
100.31541799980914
100.16552800152567
100.44059500069125
100.32572599811829
100.2714090027439
100.20220500155119
100.15131299951463
100.23892900062492
100.18278200004715
100.29597000175272
100.24478400009684
100.23155699673225
100.19024599750992
100.31313899889938
100.2641320010298
100.26749900134746
100.31603199968231
100.26957700029016
100.24057400005404
100.38295599952107
100.2749360013695
100.19633200136013
100.29645699978573
100.25674500138848
100.19894200013368
100.19979099888587
100.15009800190455
100.26770700278576
100.20019799776492
100.20508199886535
100.19519399793353
100.1859140014858
100.2047580004728
100.3613540015067
100.34310099945287
100.2562889989349
100.20004800026072
100.18148100061808
100.302840997756
100.22932699939702
100.17179100032081
100.27643400098896
100.24328799772775
100.24336700007552
100.24484599853167
100.59384399937699
100.57760600102483
100.52997900129412
100.52465599801508
100.4970370013325
100.40100999685819
100.40996500174515
100.34625000116648
100.3161269982229
100.3800170001341
100.30061600264162
100.22954400119488
100.20550300032482
100.20089599856874
100.24417399836238
100.25207100261468
100.1945540010638
100.27897200052394
100.22138900239952
100.18827399835573
100.28976199828321
100.22821199891041
100.18950499943458
100.18274499816471
100.29775899965898
100.23372900104732
100.1452540003811
100.15541499888059
100.2857679995941
100.23881099914433
100.16518199699931
100.1615729983314
100.17109299951699
100.19352800009074
100.19828099757433
100.17385099854437
100.41245899992646
100.65433000272606
100.50503899765317
100.63896000065142
100.39743699962855
100.27146399806952
100.13591799724963
100.59479700066731
100.27951699885307
100.22502200081362
100.16192699913518
100.17172500010929
100.29810500054737
100.24670799975866
100.36154399858788
100.27764299957198
100.24090099977911
100.32382799909101
100.24318599971593
100.23482700125896
100.1912989995617
100.16384800110245
100.13710599741898
100.27716799959308
100.21893399971304
100.19724999801838
100.20813400115003
100.22971000216785
100.36365600171848
100.30351900059031
100.25488700193819
100.19383899998502
100.28952200082131
100.24378099842579
100.17451099702157
100.29317799853743
100.2358980003919
100.19928900146624
100.25666100045783
100.1790490008716
100.1913539985253
100.33646100055194
100.34635400006664
100.37104900038685
100.28665999925579
100.25559700079612
100.18875599780586
100.21607899761875
100.15467000266653
100.18260300057591
100.23548399840365
100.18945999763673
100.29797700190102
100.26031300003524
100.30179599925759
100.32008299822337
100.27300099682179
100.20851599983871
100.24931500083767
100.21129400047357
100.27725200052373
100.25948799739126
100.22281700003077
100.19636500146589
100.1930739985255
100.25136200056295
100.16413199991803
100.30458500114037
100.27525899931788
100.24349299783353
100.19737900074688
100.30765400006203
100.25022400077432
100.41178600295098
100.29896600099164
100.26123599891434
100.16213299968513
100.1926579992869
100.21201899871812
100.23396200267598
100.2214379986981
100.26403500160086
100.17660499943304
100.18010400017374
100.3427110008488
100.32529399904888
100.26616899995133
100.2079350000713
100.2537639978982
100.23961899787537
100.18287299681106
100.24416200030828
100.17516199877718
100.18109399970854
100.16580400042585
100.2062779989501
100.15649699926144
100.22081300121499
100.31962100038072
100.20648799763876
100.22160099833854
100.1500499987742
100.16738199919928
100.1158610015409
100.18323800250073
100.23685099804425
100.19201899922336
100.28713700012304
100.24833899660734
100.20668300057878
100.1829840024584
100.143655003194
100.15586800000165
100.16177500074264
100.26786400339915
100.22484000000986
100.13571099989349
100.19041399937123
100.214081001468
100.31760499987286
100.25278300236096
100.20795899981749
100.45178300060797
100.31620799782104
100.34831699886126
100.26542500054347
101.15421500086086
101.21462399911252
101.23037000084878
100.93767000216758
100.94721800123807
100.88856500078691
100.8550219994504
100.8294349994685
100.82543400130817
100.748864999332
101.741973998287
100.82277699984843
101.12243699768442
100.79773699908401
100.77334900051937
103.15394599820138
100.70098400319694
100.84264499892015
100.70483299932675
100.81970499959425
100.69879000002402
100.70926999833318
100.52583899960155
100.70818600070197
100.48833499968168
100.44901199944434
100.35232099835412
100.50901800059364
100.30790699966019
100.208339998062
100.55549399839947
100.18424099689582
100.24482600056217
100.25634499834268
100.36172499894747
100.5009370019252
100.22653700070805
100.31449199959752
100.27068099952885
100.27075699690613
100.16814699702081
100.21515799962799
100.20660499867518
100.2954259965918
100.17826900002547
100.15541399843642
100.2530059995479
100.19871199983754
100.13655000147992
100.16060500129242
100.28313300063019
100.29313999984879
100.3564649981854
100.29928400035715
100.34174799875473
100.31976399841369
100.29165000014473
100.22060100163799
100.2366009997786
100.19987199848401
100.17030499875546
100.13042600257904
100.15250600190484
100.17727399826981
100.13866500230506
100.19008599920198
100.24119600348058
100.20536000229185
100.15207700052997
100.17552999852342
100.17660500307102
100.2705690007133
100.30251200078055
100.24948600039352
100.22199300146895
100.16395099955844
100.28047599917045
100.16234999784501
100.40679200028535
100.29228600251372
100.2964110011817
100.28643099940382
100.25763400335563
100.20579699994414
100.21059200153104
100.14037699875189
100.26130799815292
100.21011599746998
100.17054600029951
100.18637599932845
100.1586389975273
100.14896000211593
100.15455400207429
100.27975800039712
100.22783400199842
100.1691409983323
100.16457099845866
100.24195699952543
100.2198269998189
100.1744029999827
100.14812399822404
100.1568980027514
100.1711310018436
100.15504699913436
100.1749530005327
100.31943499780027
100.26816499885172
100.2301090011315
100.18855099770008
100.28980399874854
100.29927899813629
100.2404770006251
100.18845400190912
100.21358800076996
100.20174899909762
100.26398799891467
100.22970200225245
100.20390600038809
100.23679699952481
100.27773000183515
100.20484900087467
100.31583499949193
100.2738130009675
100.26533299969742
100.27304399773129
100.3276100018411
100.29483400285244
100.26910599844996
100.232838998636
100.18754200063995
100.32185000090976
100.26351400301792
100.23018299762043
100.17279299790971
100.1783779975085
100.14949299875298
100.23200099749374
100.24746600174694
100.23276300125872
100.18043099989882
100.1565020014823
100.19143300087308
100.18689800199354
100.15281300002243
100.15894299795036
100.1556189985422
100.16152699972736
100.3261849982664
100.26571699927445
100.27374299897929
100.17882999818539
100.15661899888073
100.15378000025521
100.27494899986777
100.23716599971522
100.19281299901195
100.13333200186025
100.22467900125775
100.16208899833146
100.1485259985202
100.16091299985419
100.1799879995815
100.16382799949497
100.2857400017092
100.23008899952401
100.18029600178124
100.14840300209471
100.16539400021429
100.17315200093435
100.16644200004521
100.20440399966901
100.23220099901664
100.65186100109713
100.83718500027317
100.32793699792819
100.17968700049096
100.17414200046915
100.17312600029982
100.16442800042569
100.17217299900949
100.22326999751385
100.27945099864155
100.22250299880398
100.26500100138946
100.21653299918398
100.30868900139467
100.24728899952606
100.21087600034662
100.19276200182503
100.16624899799353
100.28802300075768
100.2206480006862
100.17252999750781
100.15746600038256
100.31125500245253
100.25369999857503
100.18503399987821
100.22888499952387
100.15815299993847
100.18766500070342
100.17401500226697
100.17949899702216
100.31987800175557
100.26885700062849
100.22872300032759
100.21368999878177
100.16796700074337
100.13460699701682
100.21050299837952
100.172341997677
100.3299980002339
100.25709699766594
100.2655219999724
100.22421399844461
100.30521100270562
100.30654200090794
100.28472799967858
100.1252169990039
100.31523699944955
100.19575999831432
100.21301599772414
100.38071099916124
100.25920599946403
100.20334500222816
100.14195399708115
100.22319899871945
100.21055199831608
100.14841800148133
100.2860469998268
100.23225500117405
100.29342399866437
100.23867699783295
100.21975300332997
100.2020329979132
100.24546000204282
100.23544199793832
100.27758400246967
100.25955899982364
100.25535499880789
100.43391200088081
100.33155999917653
100.20794100273633
100.24332600005437
100.23578799882671
100.17803899972932
100.30093900059
100.1427019982657
100.56046699901344
100.52291000101832
100.3123640002741
100.49953700217884
100.38477999842144
100.28656299982686
100.27968099893769
100.24661300121807
100.19508699770086
100.25174600013997
100.2079940008116
100.35220300051151
100.30316399934236
100.30402299889829
100.23201199874165
100.18093899998348
100.29901300003985
100.24871600035112
100.38841700225021
100.3964849987824
100.36116000264883
100.44738899887307
100.3727980023541
100.3418270011025
100.25928899995051
100.31349600103567
100.19343399835634
100.2800650021527
100.25336099715787
100.18866799873649
100.12607400130946
100.19776400076807
100.28816500198445
100.3064029973757
100.1487339999585
100.17634699761402
100.18513899922254
100.30879500118317
100.24239099948318
100.18378799941274
100.2188960010244
100.1165330017102
100.11340800338075
100.1698150030279
100.1200009995955
100.1768779970007
100.32536399739911
100.25443199992878
100.14168199995765
100.17585699824849
100.16497499964316
100.1888169994345
100.23392999937641
100.18089000004693
100.13548899951275
100.17301599873463
100.26600400306052
100.24286800035043
100.2163780030969
100.21430099732243
100.19514899977366
100.13463799987221
100.38498699941556
100.26342800119892
100.25978500198107
100.2431009983411
100.16795600313344
100.23433400056092
100.22766899783164
100.15025699976832
100.2117680000083
100.15915099938866
100.22433799895225
100.18923499956145
100.13774300023215
100.18633499930729
100.22471399861388
100.14298800160759
100.32580800179858
100.25749200212886
100.25898499952746
100.21142600089661
100.13284600063344
100.16675199949532
100.16745000029914
100.26536799705354
100.21504299947992
100.13016599987168
100.31094499936444
100.22217699952307
100.33595300046727
100.30837600061204
100.22912400017958
100.26871999798459
100.20576100214384
100.16817500218167
100.15848000330152
100.17358799814247
100.14861099989503
100.10783600228024
100.1934829982929
100.12847799953306
100.17310400144197
100.19798099892796
100.18599599789013
100.1522250007838
100.18997400038643
100.30466000171145
100.25728999971761
100.13699500268558
100.3445219976129
100.15636600292055
100.23598200132255
100.17378199700033
100.18000700074481
100.15120900061447
100.27468200132716
100.24352300024475
100.18896300243796
100.20248300133971
100.17023000182235
100.17795200110413
100.2538499997172
100.20456499842112
100.15144999852055
100.17734400025802
100.13958499985165
100.1566869999806
100.21960000085528
100.36151600070298
100.29249400031404
100.23629799979972
100.29031500016572
100.300491998496
100.2826650001225
100.31520200209343
100.49037100179703
100.30029799963813
100.23644899774808
100.1741280015267
100.3651559985883
100.29158299948904
100.19561399894883
100.31641499881516
100.33488699991722
100.54391900121118
100.93351700197672
102.09282499999972
100.77329900013865
100.89716999937082
100.90533699985826
101.02566199930152
101.06036700017285
100.86127099930309
100.89679399970919
100.90543800106389
101.40393100300571
101.08730600040872
101.27772700070636
100.86733300340711
100.97437199874548
101.34667999955127
100.85374499976751
101.08631800176227
101.38551300042309
101.10443900339305
100.89861000233213
100.47822499836911
100.83567899710033
100.26260300219292
101.16285099866218
100.26940399984596
100.69582299911417
101.24171899951762
100.31600699949195
101.02601199832861
102.86104900296777
100.94006000144873
102.08335100105614
101.05476700118743
100.86025599957793
100.53129599691601
100.79466900060652
100.40287700030603
100.20217700002831
100.1491579991125
100.25550499995006
103.39312299765879
103.29661699870485
100.17755400258466
100.28854900156148
100.34750100021483
100.52454700053204
100.17423600220354
100.23192899825517
100.17099199831137
100.23956099757925
100.21303199755494
100.26270499656675
100.20492100011325
100.16502600046806
100.19691199704539
100.18628900070325
100.19194100095774
100.18105400013155
100.12027500124532
100.17707600127324
100.18308600047021
100.15697099879617
100.18193900032202
100.12178300166852
100.17753800275386
100.11466099967947
100.14665899871034
100.15874400050961
100.17918700032169
100.19100900171907
100.13494399754563
100.30044199811528
100.26739100067061
100.2272890000313
100.14233600304578
100.256575999083
100.13135199915268
100.17602000152692
100.18313199907425
100.27415000149631
100.21515100015677
100.25378299906151
100.22103200026322
100.3913989989087
100.30404799908865
100.24377799709328
100.24578199954703
100.25554199819453
100.17426500053261
100.28908099775435
100.2345939996303
100.2101899975969
100.16721500142012
100.31148100097198
100.25224900164176
100.16473300129292
100.18763599873637
100.31342799993581
100.26722200200311
100.22167400165927
100.15419000046677
100.14701899854117
100.15417899921886
100.26198000196018
100.22775499965064
100.16940299829002
100.26683599789976
100.23446199920727
100.18664200106286
100.31309799887822
100.30390199972317
100.32271499949275
100.34576600082801
100.4049990006024
100.31039699970279
100.22948900223128
100.390758998401
100.31421999883605
100.21491500083357
100.2107940003043
100.19592000026023
100.41636700043455
100.36060199854546
100.25292600039393
100.23993299910217
100.25935299927369
100.27906499817618
100.20230000009178
100.2219910005806
101.11155399863492
100.25224999844795
100.32609900008538
100.27339500084054
100.40375199969276
100.41169599935529
100.37226799977361
100.34298600294278
100.31104999870877
100.15155899964157
100.30875500160619
100.26922399993055
100.25387700079591
100.28364499885356
100.21130600216566
100.39729100026307
100.26048800136778
100.1988669995626
100.1856160000898
100.23674499825574
100.18662800212041
100.30378599913092
100.22991399819148
100.2591710021079
100.18454599776305
100.18759300146485
100.18615900116856
100.13396499925875
100.18501599915908
100.29972700067447
100.23780499977875
100.18690599827096
100.18491799928597
100.15365599974757
100.17398600029992
100.17711999898893
100.18424399822834
100.36540099827107
100.26978999667335
100.21504199903575
100.20043600161443
100.23069100134308
100.20170200004941
100.18879800190916
100.37489499882213
100.2952489980089
100.23277000072994
100.19276000093669
100.24435100058326
100.20685799827334
100.19955900133937
100.14140299972496
100.18306299753021
100.22028899766156
100.1967539996258
100.26034100155812
100.21922099986114
100.22514600132126
100.24875400267774
100.27805400022771
100.25233700071112
100.18083099930664
100.12950199961779
100.2097619966662
100.17180800059577
100.28191200035508
100.23858299973654
100.19194199776393
100.1737009974022
100.17282500120928
100.29687299902434
100.24974199768621
100.34319700207561
100.24738600259298
100.20594700108632
100.25487299935776
100.19906299930881
100.1490089984145
100.28959900228074
100.24178099774872
100.1751100011461
100.28531100033433
100.23330399781116
100.1867039994977
100.13052100111963
100.17040800084942
100.27297199849272
100.23806199751562
100.22572999878321
100.24545299893362
100.21877300096094
100.13163199982955
100.1231749978615
100.38896200057934
100.21776299981866
100.15909900175757
100.19953799928771
100.14580300048692
100.2767979989585
100.224709000031
100.18060600123135
100.23260800153366
100.20894500121358
100.16296200046781
100.43581900026766
100.26958999878843
100.22080999988248
100.1829880005971
100.32558199964114
100.2812430015183
100.21757399954367
100.21971999958623
100.24731600060477
100.24783100016066
100.24366300058318
100.27024400187656
100.28905900253449
100.37970399935148
100.32470700025442
100.25184699770762
100.62242500134744
100.53670599882025
100.4746789985802
100.42672499912442
100.34013199765468
100.24734800026636
100.19555399776436
100.30070699940552
100.25682500054245
100.20459499719436
100.16129599898704
100.15551700053038
100.21919500286458
100.16976199767669
100.3783050000493
100.24085899931379
100.31308099860325
100.27468699991005
100.1992519995838
100.17081199839595
100.17739700197126
100.15851700154599
100.1628609992622
100.16545599864912
100.1452260024962
100.15482999733649
100.15783899871167
100.23524499774794
100.15805399962119
100.1311279978836
100.1582220014825
100.1551000008476
100.14826900078333
100.1737549995596
100.20760300176335
100.13239800173324
100.17420300209778
100.10848999809241
100.14582499934477
100.16489999907208
100.21692599912058
100.1709829979518
100.18287699858774
100.15732399915578
100.13592199902632
100.17782800059649
100.22260099867708
100.20592699947883
100.27745600018534
100.23907000140753
100.24804199929349
100.24742200039327
100.21315500125638
100.14198400313035
100.23639399878448
100.19573999670683
100.26468800060684
100.22480800034828
100.17366700049024
100.16307399928337
100.16125499896589
100.1815740019083
100.26118700261577
100.23163799996837
100.24825700020301
100.24802000043564
100.16995899786707
100.12218300107634
100.16537499905098
100.12413499862305
100.17228900323971
100.13342800084502
100.16698099934729
100.24597699884907
100.18833199865185
100.25171600136673
100.19712600114872
100.18347399818595
101.65825299918652
101.62047699850518
101.58483600025647
101.53985299984924
101.46318100305507
101.4069640004891
101.35376200196333
101.27846999967005
101.1118299975351
101.24651500154869
101.10860300119384
101.03456700016977
100.97334500096622
100.95242000170401
100.93361200051731
100.28230599709786
100.32065700215753
100.37211700182525
100.33102800298366
100.32643500017002
100.38885699759703
100.33078899868997
100.30619300232502
100.49787600291893
100.48786499828566
100.45511900170823
100.4232610030158
100.41424600058235
100.3860969976813
100.24827199958963
100.22979800123721
100.13400900061242
100.19127700070385
100.12163999999757
100.2104840008542
100.12747900327668
100.35084600167465
100.2690099994652
100.24213400174631
100.23119799734559
100.18579100142233
100.11738200046238
100.17008100112434
100.17945700019482
100.19089900015388
100.32510100063519
100.27741500016418
100.26486600327189
100.25860300083878
100.316248001036
100.43713900086004
101.02075000031618
100.99569799785968
100.93029500058037
100.83957399911014
100.7915940026578
100.8909100019082
100.81193700170843
100.80150599969784
100.67589299796964
100.99400500257616
100.7766359980451
100.52301799805718
100.86610600046697
100.54668299926561
100.48518699841225
100.45041600096738
100.47569499874953
100.44136099895695
100.35942299873568
100.2920829996583
100.2526999982365
100.20685600102297
100.13707799953409
100.36033100186614
100.26554000069154
100.20197099947836
100.51201299938839
100.35512400281732
100.34543100118754
100.24718799832044
100.22846500214655
100.29853800006094
100.25103199950536
100.152083003195
100.31247199731297
100.23960399848875
100.16428000017186
100.2044160013611
100.27409100075602
100.2228510005807
100.34319699843763
100.14241600219975
100.20374899977469
100.17895200144267
100.21260599751258
100.26719300003606
100.22740400017938
100.20136699677096
100.13614600029541
100.17407199848094
100.28852200048277
100.19017800004804
100.17472999970778
100.16605900091236
100.17945700019482
100.19649500100059
100.12250400177436
100.17215799962287
100.19639099846245
100.73824899882311
100.71211300237337
100.66718799862429
100.62528400158044
100.60006100320606
100.26941199976136
100.19292200013297
100.38890699797776
100.20953900311724
100.40286900039064
100.2143919977243
100.16637499938952
100.20494399941526
100.16671600169502
100.18271499939146
100.1424149981176
100.16066699972725
100.15913299866952
100.18731599848252
100.16838999945321
100.1948840021214
100.17273099947488
100.3629019978689
100.21279099964886
100.16856799848028
100.1960430003237
100.19604500121204
100.14444099942921
100.17257000072277
100.168554999982
100.21845500159543
100.19154000110575
100.17602999869268
100.27732099842979
100.22508300244226
100.18047999983537
100.17897299985634
100.19679199831444
100.20067000004929
100.16523199738003
100.20095299842069
100.16892199928407
100.17882300235215
100.27758100113715
100.25378000136698
100.18479399877833
100.16843199991854
100.30053599984967
100.25708000102895
100.19963499871665
100.18795100040734
100.13679400071851
100.17462600080762
100.171264999517
100.1421159999154
100.17428499850212
100.30992799875094
100.25114399832091
100.21747000064352
100.17399599746568
100.11728999961633
100.17489699748694
100.30892800205038
100.21974100163789
100.19967400148744
100.18835499795387
100.35365499788895
100.2885720008635
100.2522799972212
100.23744699719828
100.14363799928105
100.1819080011046
100.29964000204927
100.20959900066373
100.22505200322485
100.14646600029664
100.21418600081233
100.20078999878024
100.25587599739083
100.17942899867194
100.15026200198918
100.15060799923958
100.16323600211763
100.19981699952041
100.17931499896804
100.15250899959938
100.17450400118832
100.15993599881767
100.1307269980316
100.1970600009372
100.31794699898455
100.31959699699655
100.28750099809258
100.44072300297557
100.31530299966107
100.18499999932828
100.23264999836101
100.18744599801721
100.1708059993689
100.16250900298473
100.1812560025428
100.17655399860814
100.172577000194
100.14286400109995
100.14677599974675
100.207726998633
100.30978199938545
100.27860100308317
100.17981200144277
100.20216500197421
100.2175180001359
100.34135800015065
100.29147499881219
100.24125999916578
100.29474000111804
100.15812100027688
100.39427000083379
100.40500299874111
100.30206499868655
100.25724899969646
100.22205600034795
100.23609999916516
100.17596499892534
100.37032000036561
100.2823740018357
100.2629499998875
100.21561500252574
100.18300000228919
100.310804999026
100.29868200217606
100.17444799814257
100.48179799923673
100.48341400033678
100.30371900211321
100.27159399760421
100.2373199989961
100.20370799975353
100.15483600000152
100.35119600070175
100.27579499728745
100.23231500235852
100.1949040000909
100.16423400156782
100.28125499957241
100.22154400212457
100.16260100019281
100.15446999750566
100.20966400043108
100.15569200186292
100.15485100302612
100.30481699868687
100.26414999811095
100.21353699994506
100.14741099803359
100.17291300027864
100.1583719989867
100.21913499804214
100.27526799967745
100.25800800212892
100.25781000149436
100.18513400063966
100.13421999974526
100.2872329991078
100.23641400039196
100.19867399751092
100.29625300012412
100.23257200009539
100.18783200212056
100.28659700037679
100.22688900062349
100.15419100091094
100.26333199857618
100.20836100011365
100.14644900002168
100.18364699863014
100.17730199979269
100.24147699732566
100.17093600254157
100.34036099750665
100.2580879976449
100.2753480024694
100.12848900078097
100.16861999974935
100.23474099943996
100.13851199983037
100.17280999818468
100.3220800012059
100.22947600009502
100.14786100146011
100.18586500154925
100.29092500190018
100.21665900057997
100.19903399734176
100.18350400059717
100.14368600241141
100.14324099756777
100.16647700103931
100.19158299837727
100.15222700167214
100.16396200080635
100.15966400169418
100.27698300109478
100.21883200170123
100.20184499808238
100.17273099947488
100.2263390000735
100.29034000035608
100.2233069993963
100.17529000106151
100.19496000313666
100.14055999999982
100.19804499825113
100.2000879998377
100.1593539986061
100.1735230020131
100.18331299943384
100.21411399793578
100.16648199962219
100.23147700121626
100.1459649996832
100.20749600153067
100.15443399970536
100.17013999822666
100.16486899985466
100.15185900192591
100.20384200106491
100.19884799839929
100.13079700001981
100.17962699930649
100.16635800275253
100.17576500104042
100.14989499904914
100.1489340014814
100.16925799936871
100.1516830001492
100.24385300130234
100.21068200148875
100.12928699870827
100.17249400334549
100.18005299934885
100.1651189981203
100.14399200008484
100.17548099858686
100.20529399844236
100.17431800224585
100.20871800224995
100.16283100048895
100.16670699769747
100.14514399881591
100.17132099892478
100.1837069998146
100.12850199927925
100.16575099871261
100.15776199725224
100.16232499765465
100.20117299791309
100.21006200258853
100.18143299748772
100.1532779991976
100.24366000288865
100.36066899920115
100.2645129992743
100.29049600052531
100.19388499858906
100.29861899965908
100.22760200081393
100.16728100163164
100.32320299796993
100.24414099825663
100.18754499833449
100.19700799966813
100.14683699773741
100.18970100281877
100.14543000215781
100.1817660035158
100.11811500226031
100.13622699989355
100.20669400182669
100.33817299699876
100.28678099843091
100.23674499825574
100.20310300023993
100.35012099979213
100.2675090021512
100.24538599827792
100.21534000043175
100.32556399892201
100.28007200162392
100.22968599878368
100.1727539987769
100.2015889971517
100.15681799995946
100.15222099900711
100.15538100196864
100.16964099850156
100.12324199851719
100.17156699905172
100.28905299986945
100.25704199870233
100.24172799967346
100.1825480016123
100.3055500004848
100.27983599866275
100.20079300011275
100.43440400113468
100.20194800017634
101.07294000044931
100.21810000034748
100.8904820009775
100.51981199649163
101.18207100094878
100.85906200038153
101.72830100054853
101.09864499827381
100.93986700303503
101.40091699940967
100.60463099944172
102.27123000004212
101.16379700048128
101.3615789997857
100.90726700218511
101.32268500092323
100.69457800273085
100.4822860013519
100.44554600244737
101.26948199831531
100.23323299901676
101.49174799880711
100.40057699734461
100.81482900204719
100.21813999992446
100.2067969966447
100.61839299669373
100.25969700291171
101.72237699953257
100.26825900058611
100.2232280006865
100.2679220000573
100.16121700027725
100.38127400184749
100.30704100063303
100.26851699876715
100.22091500286479
100.129909998941
100.14479999881587
100.15087699866854
100.2682120015379
101.99704700062284
100.15182200004347
100.19494899825077
100.21683599916287
100.18698900239542
100.39147199859144
100.2710360007768
100.25962500003516
100.1836440009356
100.17222199894604
100.19069299960393
100.30213199934224
100.25528400001349
100.19667499727802
100.3078040012042
100.26577499957057
100.21529000005103
100.13870200054953
100.30854300202918
100.27380799874663
100.19743199882214
100.25399699952686
100.1642740011448
100.16759800055297
100.17912200055434
100.2368720000959
100.18561100150691
100.14375999890035
100.18301099989912
100.33037999892258
100.29256299822009
100.24483500092174
100.18518400102039
100.16199399979087
100.29613599908771
100.13284600063344
100.37579300114885
100.2131039967935
100.14756799864699
100.18876499816542
100.21887100083404
100.28442100156099
100.24382800111198
100.22632699838141
100.20517500015558
100.2183349992265
100.15867399852141
100.30799300147919
100.25618199870223
100.24644199802424
100.26818799815373
100.21532999962801
100.17887100184453
100.18802500053425
100.1630099999602
100.15308700167225
100.26734100028989
100.259670001833
100.16547800114495
100.31507500025327
100.24190499825636
100.31021499889903
100.26872100206674
100.21392199996626
100.26300699973945
100.22905699952389
100.20133799844189
100.19423700214247
100.11794599995483
100.22360299990396
100.1541029982036
100.24906500257202
100.19160199954058
100.18700599903241
100.12744800042128
100.2372840011958
100.20955499931006
100.24577700096415
100.19405699858908
100.14914000203134
100.30047400141484
100.2348610018089
100.23209800056065
100.18602499985718
100.28078499817639
100.22772700176574
100.17925499778357
100.19540199937182
100.32083300029626
100.26359200128354
100.19168700091541
100.34379500211799
100.30886599997757
100.27016599997296
100.20131900091656
100.15661599754822
100.31280100156437
100.26514299897826
100.2170549982111
100.1683350004896
100.14045299976715
100.17523799979244
100.3178780010785
100.2529620018322
100.30597899822169
100.26343899880885
100.20138500112807
100.1840370008722
100.2897660000599
100.23521900075139
100.13681300188182
100.19414400085225
100.19477999958326
100.15244199894369
100.23440599979949
100.18550699896878
100.16096599792945
100.27454499868327
100.19198000009055
100.15993299748516
100.13902200080338
100.16733700103941
100.29780100012431
100.27704599997378
100.21524399780901
100.26844499952858
100.15111199754756
100.4784219985595
100.26971799743478
100.30453899889835
100.23876799823483
100.2542620008171
100.84632000143756
100.33064700110117
100.19013000055565
100.18303800097783
100.45673000058741
100.2132409994374
100.15514200131292
100.33289900093223
100.26690599988797
100.22662099800073
100.17386599793099
100.32151700215763
100.25734400187503
100.18976100036525
100.12258700226084
100.21869099728065
100.25574199971743
100.16572599852225
100.26630100037437
100.25318199768662
100.24378199886996
100.24913899906096
100.24291499939864
100.20961400005035
100.21383600178524
100.2064349995635
100.16492199792992
100.13547600101447
100.33767400091165
100.28444500130718
100.26488799849176
100.20934000203852
100.12906100018881
100.21000999768148
100.28488600073615
100.24607900049887
100.22729400225217
100.19437400114839
100.21723299723817
100.16478599936818
100.1797600001737
100.1496489989222
100.14701399995829
100.17033700205502
100.32803399735712
100.25557499830029
100.2345310007513
100.2508339988708
100.30939599892008
100.23509199891123
100.1949199999217
100.15785499854246
100.19319300045026
100.14790400236961
100.20936900036759
100.15049499997986
100.17338300167467
100.17995599991991
100.23943599662744
100.16288400220219
100.17401300137863
100.27834300126415
100.22733000005246
100.17282900298596
100.21317300197552
100.18373200000497
100.1752439988195
100.14747999957763
100.16362299938919
100.1734019992
100.11908700107597
100.16444200300612
100.13750399957644
100.15418300099554
100.16555899710511
100.15882600055193
100.1340650000202
100.12169200126664
100.19979200296802
100.13725099997828
100.2055079989077
100.14522599885822
100.28580500147655
100.26489599840716
100.25601700181141
100.19177299909643
100.24853199865902
100.22287699757726
100.17820500070229
100.235760997748
100.14332900027512
100.1938599983987
100.16898899993976
100.21303500252543
100.2462899996317
100.19434400237515
100.26040599768749
100.22864900020068
100.19054399890592
100.17005000190693
100.18569699968793
100.23270499732462
100.34844700203394
100.3172029995767
100.25871299876599
100.17987199898926
100.20690700184787
100.20758400060004
100.15709299841546
100.20480299863266
100.14263300035964
100.17774600055418
100.37913999985904
100.30643600111944
100.19753199958359
100.17367099862895
100.3402249989449
100.30294899843284
100.24064000026556
100.20962600174244
100.24752999743214
100.2160450007068
100.1575230002345
100.153945000784
100.27451799760456
100.26448899952811
100.33745699911378
100.3460100000666
100.21462499935296
100.42312700170442
100.41558100056136
100.44565800126293
100.27463500227896
100.4876119986875
100.47098900031415
100.33593900152482
100.28914299982716
100.57351599971298
100.3014739981154
100.21981099998811
100.3487199996016
100.19526899850462
100.16425999856438
100.17404600148438
100.11222200046177
100.16264500154648
100.22334599852911
100.19453700078884
100.3361449984368
100.20604500095942
100.12183499929961
100.25859300003503
100.20305199941504
100.21907799819019
100.20675899795606
100.30768499927945
100.77993899903959
100.75293199770385
102.45729799862602
100.68279699771665
100.3220960010367
100.48066699891933
100.67003500080318
100.21237600085442
100.42094799791812
100.18056099943351
100.23714999988442
100.1683860013145
100.33427600137657
100.28694100037683
100.27299799912726
100.23355099838227
100.14730599868926
100.28844800035586
100.18887399928644
100.29524100173148
100.27398800230003
100.24782800246612
100.17254799822695
100.21567899821093
100.1942440016137
100.14269900057116
100.21356400102377
100.27374299897929
100.23691300011706
100.20780500053661
100.20731400072691
100.15525299968431
100.16022800118662
100.26160300185438
100.20099100074731
100.19112100053462
100.28825900008087
100.23694399933447
100.22788100104663
100.15534100239165
100.20005000114907
100.26954500062857
100.25463800047874
100.18176299854531
100.2634249998664
100.19535099854693
100.31964500012691
100.22687199671054
100.23427299893228
100.19206300057704
100.17502499977127
100.17755800072337
100.27138800069224
100.20169699782855
100.1915340020787
100.16248900137725
100.21576899816864
100.20153599907644
100.21122800026205
100.13138399881427
100.18275199763593
100.13148799771443
100.16089399869088
100.33283500160906
100.23998099859455
100.17638399949647
100.13460200207192
100.17594199962332
100.1359859983495
100.17417199924239
100.23583200018038
100.26608299813233
100.20422700108611
100.2542230016843
100.21288699863362
100.30344600090757
100.12234600071679
100.30783000183874
100.18764000051306
100.34404900216032
100.21159700045246
100.36591300013242
100.26890800145338
100.24016399984248
100.1878549977846
100.1937569999427
100.17097399759223
100.35132000120939
100.34498400273151
100.26497199942241
100.15221499998006
100.23934800119605
100.19865699723596
100.23287100193556
101.13072600142914
100.98131599806948
100.35836400129483
100.31784500097274
100.29050199955236
100.20798400000785
100.24263500235975
100.17585999958101
100.31731100025354
101.39273200184107
100.33323699826724
100.4340770014096
100.42856499785557
100.36999899966759
100.33210599794984
100.1921869974467
100.46395699828281
100.27874099978362
100.33250900232815
100.24781900210655
100.17990699998336
100.30170899699442
100.26767700037453
100.24125199925038
100.20169700146653
100.12972700133105
100.21889700146858
100.18778499943437
100.15901400038274
100.1788840003428
100.17022600004566
100.15896900222288
100.25509299885016
100.14920799949323
100.15991999898688
100.12578299938468
100.14262400000007
100.20015299960505
100.17600900027901
100.16091199941002
100.16071499921964
100.15951799869072
100.14110200063442
100.16827900108183
100.1582499993674
100.16448600072181
100.1291089996812
100.10503899684409
100.14689099989482
100.13856799923815
100.18573699926492
100.1657550004893
100.14944100112189
100.16320100112353
100.1531289984996
100.14587600016966
100.1550609980768
100.11402999953134
100.16139700019266
100.16300599818351
100.23681799793849
100.13571200033766
100.1952109982085
100.12588800236699
100.2103469982103
100.15143899727263
100.16628800076433
100.18069400030072
100.1848579981015
100.15075599949341
100.1769639988197
100.18346499782638
100.17458000220358
100.1164469998912
100.1687630014203
100.1575230002345
100.26215199832222
100.22011800174369
100.38384499785025
100.35844599769916
100.28568300185725
100.2392990012595
100.18790399772115
100.29845000099158
100.2608880007756
100.2400960023806
100.31122600048548
100.29265599951032
100.2806620017509
100.30708600243088
100.23551899939775
100.18843400030164
100.52135600199108
100.4324280002038
100.94175799895311
100.85297200203058
100.80118400219362
100.71749299822841
100.60563400111278
100.56728299969109
100.53346999848145
100.55474399996456
100.53344200059655
100.4936129975249
100.45720100242761
100.40257599757751
100.41785500288825
100.25095699893427
100.3106989992375
100.29917700012447
100.24234900265583
100.27378300219425
100.21028299888712
100.20627000267268
100.14632899765274
100.57716200026334
100.4876469996816
100.43597199910437
100.39741400032653
100.33661099805613
100.28167899872642
100.38305799753289
100.3820400001132
100.25769500134629
100.27364599955035
100.20557900134008
100.16722699947422
100.35864399833372
100.30073400048423
100.30281199942692
100.305872001627
100.30757799904677
100.20803299994441
100.24992599937832
100.23424300015904
100.33562800163054
100.32026499902713
100.2917059995525
100.35502699975041
100.34168499987572
100.32712899919716
100.29606399984914
100.23994400035008
100.24071500083664
100.29258500071592
100.26351600026828
100.20027100108564
100.53431400228874
100.46599099950981
100.5354469998565
100.34721899864962
100.4966799991962
100.4811820021132
100.4223540003295
100.3949840014684
100.31120300118346
100.35340600006748
100.34535500017228
100.33456300152466
100.29225299876998
100.51432699765428
100.49198799970327
100.52165600063745
100.50966199924005
100.51541299981182
100.5275649986288
100.47678800037829
100.92822699880344
100.65006100194296
100.6043019988283
100.55926499990164
100.49979900213657
100.57367099943804
100.52211299989722
100.53613399941241
104.09877200072515
