0.6006349976814818
3.283976999227889
2.7203179997741245
3.27977900087717
4.39187699885224
5.19660400095745
4.089656998985447
3.791090999584412
4.044396999233868
5.968469999061199
1.1153800005558878
1.0086890033562668
0.9336289986094926
0.8710080001037568
0.7773459983582143
0.5515949997061398
0.34267600130988285
0.43161899884580635
0.38000700078555383
0.35985199792776257
0.431895001383964
0.5967880024400074
0.6197969996719621
0.5472080010804348
0.8397240017075092
0.7667550016776659
0.6323550005618017
0.47349700253107585
0.7417609995172825
0.5613009998342022
0.4278640008124057
0.49085300270235166
0.34049999885610305
0.3278149997640867
0.3865139988192823
0.5275859984976705
0.3650369981187396
0.3678440007206518
0.2772820007521659
0.9819459992286284
0.3992689998995047
0.39045599987730384
0.5811850023746956
0.34761599818011746
0.39535299947601743
0.3905040030076634
0.40586899922345765
0.34675899951253086
0.30945599792175926
0.3128989992546849
0.7154590020945761
0.6327900009637233
0.6311899996944703
0.9226869988196995
0.7030359993223101
0.6532669976877514
0.5350229985197075
0.32205399838858284
0.20251599926268682
0.16312200023094192
0.2720569973462261
0.3581590026442427
0.345872002071701
0.29020100191701204
0.5152349986019544
0.38982600017334335
0.5664220007020049
0.3506319990265183
0.29885099866078235
0.6444150021707173
0.33857699963846244
0.630628001090372
0.43106800148962066
0.20930599930579774
0.6000660032441374
0.26611700013745576
1.2153409988968633
1.5009279995865654
1.7204309988301247
1.1710940016200766
0.5021040014980827
0.44014699960825965
0.6857959997432772
0.6071659990993794
0.3454529978625942
0.33949499993468635
0.3407399999559857
0.5194209988985676
0.3730370008270256
0.2124109996657353
0.3891320011462085
0.3151950004394166
0.3747260016098153
0.45650799802388065
0.4100900005141739
0.3213849995518103
0.21246100004645996
0.5510820010385942
0.8221060015785042
0.7425639996654354
1.6154700024344493
1.8508149987610523
1.6917160028242506
1.5568369999527931
1.5047060005599633
1.460142000723863
1.2651930010179058
1.3188420016376767
1.0014690014941152
0.9652200023992918
0.28402400130289607
0.3384490009921137
0.4570050004986115
0.4230739978083875
0.22213900228962302
0.2723830002651084
0.3660630027297884
0.2515380001568701
0.40218799767899327
0.23838900233386084
0.29428800189634785
0.3294320013083052
0.2548910015320871
0.18161100160796195
0.5759600026067346
1.0138399993593339
0.4630190014722757
0.4092660019523464
0.2833940015989356
0.22765899848309346
0.36160199670121074
0.3779260005103424
0.3690939993248321
0.4072519986948464
1.272736000828445
1.233921000675764
1.4408239985641558
1.293896999413846
1.415381997503573
0.390864002838498
0.5313149995345157
0.436131998867495
0.6665010005235672
1029.3692159975762
1029.5990529994015
1029.930250999314
1030.300996000733
1030.8961529990484
1030.9122550024767
1031.561102001433
0.8412780007347465
1.1325970008329023
0.9417750006832648
0.9988799974962603
0.660143999994034
0.9422340008313768
0.8896899998944718
0.5640210001729429
0.45562900049844757
2.3705819985480048
0.4630799994629342
0.6552019985974766
0.5704709983547218
0.4066580004291609
0.3779170001507737
0.35394299993640743
0.25178600117214955
0.29081100001349114
0.18614300279296003
1.4363370028149802
0.46009600191609934
0.4515090004133526
0.4857519998040516
0.5079330003354698
0.2464400022290647
0.3062270006921608
0.21577200095634907
0.44768000225303695
0.8000890011317097
0.5964939991827123
0.4444050027814228
0.41319299998576753
0.4994989976694342
0.38484200194943696
0.5004119993827771
0.5004560007364489
0.6073700023989659
0.6892479977977928
0.6228640013432596
0.5694100000255276
0.31383200257550925
0.30366699866135605
0.5242560000624508
0.7852210001146886
0.718860999768367
0.5688819983333815
0.4446749990165699
0.5128839984536171
0.1659580011619255
0.8777219991316088
0.5801220031571575
0.42998400022042915
0.48498300020582974
0.39019500036374666
0.43199200081289746
0.41899999996530823
0.366198000847362
0.7086639998306055
0.42433700218680315
0.28181900052004494
0.7233090000227094
1.0177280018979218
0.7434310027747415
0.6207880032889079
0.4951779992552474
1.013717999740038
0.7794610028213356
0.5253080016700551
0.39112699960242026
0.32277500213240273
0.3297650000604335
0.39074400046956725
0.2874909987440333
0.3264480001234915
0.5358670023269951
0.5871979992662091
0.507811000716174
0.5894240021007136
0.37278600211720914
0.17458399815950543
0.7306890001927968
0.9178170002996922
0.6104220010456629
0.6722409998474177
0.5540209967875853
0.3612889995565638
1.0346829985792283
0.3259670011175331
0.3151220007566735
0.23687199791311286
0.5344839992176276
0.487607998366002
0.39880199983599596
0.3527170010784175
0.5489670002134517
0.34344999949098565
0.36683199869003147
0.20831999790971167
0.4443929974513594
0.19373900067876093
0.5601810007647146
0.4504140015342273
0.7303269994736183
0.5972330000076909
0.3556830015440937
0.256120998528786
0.22754599922336638
0.20320000112405978
0.18641299902810715
0.8482569974148646
0.5230999995546881
0.6752080007572658
0.5910920008318499
0.3177719991072081
0.39017900053295307
0.2202219984610565
0.3436879997025244
0.37864600017201155
0.32267599817714654
0.25978300254791975
0.44816800073022023
0.43883200123673305
0.6267149983614217
0.5174069992790464
0.40166699909605086
0.4046079993713647
0.7758120009384584
0.45639499876415357
0.3527450026012957
0.2138110030500684
0.34183500247308984
0.28752900107065216
0.29204300153651275
1011.6283620009199
1011.8639240026823
1012.4595499983116
1012.342753001576
1012.829254999815
1012.538285998744
1012.9396349984745
0.36220600304659456
0.34539899934316054
0.8797240006970242
0.6445340004574973
0.47251000069081783
0.8237500005634502
1.1026259999198373
1.1236680002184585
1.1044800012314226
1.0203319980064407
1.1848340000142343
4.139377997489646
4.193184002360795
6.005412000376964
7.995216001290828
2.7921510009036865
1.106181000068318
0.32690300213289447
0.2516349995858036
6.432427999243373
0.3855069990095217
0.44099600199842826
0.7771290001983289
0.318310998409288
0.444250999862561
0.5052020023867954
0.2935859993158374
0.7444719994964544
0.21852099962416105
0.5912100023124367
