0.6009770004311576
0.21784199998364784
0.8785840000200551
0.3310749998490792
0.43782300053862855
0.5502989988599438
0.5094560001452919
0.34529999902588315
0.36988299689255655
0.38125599894556217
0.37820000216015615
0.5558379998547025
0.38269200013019145
0.43828100024256855
0.5995179999445099
0.5617950009764172
1.1316259988234378
0.7481259999622125
0.9750350000103936
1.0024360017268918
0.7532400013587903
0.7157809995987918
0.47252699732780457
0.42722400030470453
0.5103529983898625
0.418168001488084
0.23153499932959676
0.431969001510879
0.2050969997071661
0.31721999766887166
0.30852000054437667
0.3577409988793079
0.7613510024384595
1.1106230012956075
0.8373380005650688
0.7654509972780943
0.7917809998616576
0.6290589990385342
0.26271699971402995
0.5345200006559025
0.17755500084604137
0.39914200169732794
0.35567400118452497
2.114943999913521
0.5354829991119914
0.6213850028871093
0.564630998269422
0.35374100116314366
0.5935439985478297
0.29353399804676883
0.32762200135039166
0.22530399655806832
0.32303499756380916
0.29343099959078245
0.3845819992420729
0.32197499967878684
0.2612770003906917
0.27640799817163497
0.4764219993376173
0.4045890018460341
0.29115199868101627
0.2908770002250094
0.49960800242843106
0.3620179995778017
0.2979710006911773
0.2400820012553595
1.9309480012452696
2.0657860004575923
2.552728998125531
1.895437999337446
2.7788119987235405
2.311199001269415
2.192967000155477
2.927534002083121
0.7692030012549367
0.7695079984841868
0.25127299886662513
1.0302529990440235
0.9100150018639397
0.7118700013961643
0.9412260005774442
1.108817999920575
1.3517570005205926
0.6738219999533612
1.0851260012714192
0.671049998345552
0.39954100066097453
0.5509889997483697
0.6724100021529011
0.615872999333078
0.5814619980810676
0.4373500014480669
0.6904399997438304
0.41414799852645956
0.41424899973208085
0.7158109983720351
3.7962349997542333
2.918229998613242
4.518951998761622
4.255177002050914
0.428388000727864
0.5759329978900496
0.3668159988592379
0.5069259968877304
0.29365199952735566
0.5856030002178159
0.7009900000412017
0.5723030008084606
0.5611630003841128
0.5230970018601511
0.3932569998141844
0.5601989978458732
0.31470899921259843
0.3422129993850831
0.2962220023619011
0.3094769999734126
0.20987700190744363
0.7790929994371254
0.6169080006657168
0.7630699983565137
0.617740999587113
0.4956619995937217
0.5012799992982764
0.4246379976393655
0.492488998133922
0.3880669974023476
0.35835999733535573
0.6607010000152513
0.5256299991742708
0.35328500234754756
0.29473600079654716
0.1732519995130133
0.593269996898016
0.3075950007769279
0.3139139989798423
0.27448900073068216
0.29510099921026267
0.91401299869176
0.6873349993838929
0.6435940013034269
0.9699959991849028
0.6611439966945909
0.6920980013092048
0.5052369997429196
0.3082069997617509
0.43743000060203485
0.2510230006009806
0.3352750027261209
0.16218199743889272
1016.6277870011982
1016.478952999023
1017.0036160016025
1017.8439440023794
1017.9081629976281
1018.4716770017985
1017.9301269999996
1018.638290999661
1019.6901800009073
1019.227837001381
1020.2560539983097
1019.9284039990744
1020.723593999719
1020.3787359969283
1021.4317610007129
1020.9730329988815
1022.2284830015269
1022.5749169985647
1022.8426920002676
1023.1306620007672
1023.4032850021322
1023.670509999647
1023.9286910000374
1024.1907170020568
1024.4604520012217
1024.7524210026313
1025.046927999938
1025.3616209993197
1025.6098350000684
1026.0180460027186
1026.430519999849
1026.7228499978955
1027.029811997636
1027.313687998685
1027.599882996583
1027.8708330006339
1028.1420279970916
1028.3998530030658
1028.7415700004203
1029.0113680021022
1029.2821929979254
1029.5154659979744
1029.7862740007986
1030.039218996535
1030.2967669995269
1030.6930389997433
1030.7986180014268
1031.3247809972381
1031.6424160009774
1027.082042000984
1026.2805370002752
0.4442690005816985
0.45473899808712304
0.4419659999257419
0.2894139979616739
0.41096699715126306
0.505453997902805
0.36459500188357197
0.5600719996436965
0.33319800058961846
0.3576499984774273
0.2893390010285657
0.20367899924167432
0.31464099811273627
0.3254490002291277
0.4044720008096192
2.0020180018036626
2.0576189999701455
1.8773159972624853
2.0802740000362974
1.8225480016553774
1.5120850002858788
1.8109970005752984
1.5322569997806568
1.511771999503253
1.9263780013716314
2.3449319996871054
1.4879500013194047
1.4812009976594709
1.2792620000254828
1.5592500021739397
1.250121000339277
2.0420170003490057
0.6845209973107558
1.483095002186019
0.32958299925667234
0.3882389974023681
0.3051710009458475
1.0082070002681576
0.9572599992679898
0.9994449974328745
1.1583910018089227
0.7045370002742857
1.0385599998699035
0.8087599999271333
0.5781340005341917
0.5069659964647144
0.22892100241733715
2.153198998712469
2.0551130000967532
0.38880899955984205
0.4414249997353181
0.6412979964807164
0.4949039976054337
0.3329600003780797
1.0073990015371237
0.9363860008306801
0.9828310030570719
0.6351009978970978
0.9655640023993328
0.8548490004613996
1.1270299983152654
0.6148569991637487
0.7399770001939032
0.19905800218111835
0.5065090008429252
0.289482999505708
0.3544790015439503
0.30322900056489743
0.34826200135285035
0.2870799980883021
0.19182200048817322
0.22594499750994146
0.508119999722112
0.6062489992473274
1.0509629973967094
0.6743939993612003
0.6431510009861086
1.107365998905152
0.846480001200689
0.7915120004327036
1.2533490007626824
0.8692900009918958
0.7972309977049008
0.785060998168774
1.2610439989657607
0.7392049992631655
0.8182100027624983
0.16706200040061958
1022.1295160008594
1022.056491998228
1022.9102470002545
1023.4285090009507
1023.6400399990089
1022.7952339992044
1023.0524780017731
1023.4180689985806
1023.6453150027955
1026.1827619979158
1026.940278999973
1027.684673001204
0.3121409972663969
0.39794099939172156
0.4185580000921618
0.6499880000774283
0.3738810009963345
0.637037999695167
0.46255999768618494
0.6228860002011061
0.5617059978249017
0.48315799722331576
0.3549009998096153
0.3501329993014224
0.3931480023311451
0.27326100098434836
0.3572130008251406
0.9173090002150275
2.095382002153201
1.3133749998814892
1.8847419996745884
1.4113970028120093
0.7128309989639092
2.1689929999411106
0.5490199982887134
2.176296999095939
0.4393579984025564
0.3246080013923347
0.22466499649453908
1.2304039992159232
0.5236870019871276
0.7963850002852269
0.41390299884369597
1.6898840003705118
0.3252790011174511
0.26228299975628033
0.4203280004730914
0.3230459988117218
0.35724199915421195
0.19911300114472397
0.46573299914598465
0.30234599762479775
0.5505059998540673
0.3348379977978766
0.41956999848480336
0.2721780001593288
0.36749799983226694
0.3012879969901405
0.29891399753978476
0.2561149995017331
4.1806840017670766
1.0709640009736177
1.1681719988700934
1.1270349968981463
0.8724760009499732
0.8031310026126448
1.3931399989814963
1.3735270003962796
1.2004310010524932
0.7537380006397143
0.7927439983177464
0.3149660005874466
1.72228500014171
0.2878970008168835
0.5391449994931463
0.18333900152356364
0.24656400273670442
0.2080349986499641
0.30264399902080186
1.1034260023734532
1.016004000121029
1.0272860017721541
0.6561839982168749
0.8961759995145258
1.1020919992006384
0.6116099975770339
0.5262039994704537
0.596157002291875
0.3861129989672918
0.5055340006947517
0.722638000297593
0.24205799854826182
0.27089200011687353
0.3378260007593781
0.9420909991604276
0.46584200026700273
0.41576299918233417
0.5927339989284519
0.48074499864014797
0.4783369986398611
0.32272099997499026
0.3709519987751264
0.44020999848726206
0.4161239994573407
0.32559000101173297
0.39572799869347364
0.34739699913188815
0.36494099913397804
0.24034600210143253
0.20336999659775756
0.6467530001827981
0.3086770011577755
0.2980290009872988
0.27951599986408837
0.17278499944950454
0.300121999316616
0.4957710007147398
0.3687110001919791
0.6505839992314577
0.42602500252542086
0.41124599738395773
0.21312199896783568
0.2791500010062009
0.33089800126617774
0.3903840006387327
0.33745300243026577
0.3654020001704339
0.31814199974178337
0.20524399951682426
0.42368299909867346
0.4924439999740571
0.4387010012578685
0.39887100138003007
0.3259490003983956
0.34834899997804314
0.4267699987394735
1.078540000889916
1.0475320013938472
0.893347998498939
0.7401599978038576
1.7268740011786576
1.9564280009944923
0.7706360011070501
0.4348879992903676
0.320748000376625
2.307348997419467
0.3188190021319315
0.3764489993045572
0.28414499684004113
0.39837599979364313
0.4176109978288878
0.19558900021365844
1001.3401500000327
1001.6698889994586
1002.4797519981803
1004.3981279995933
1005.1831649980159
1003.480146999209
1006.5812239990919
1003.0156879984133
1007.0542309986195
1004.3623620003927
1008.8283109980694
1005.0167830013379
1009.8442589987826
1006.4415229971928
1013.5462620019098
1007.472716999473
1007.9880450030032
1008.4798900024907
1009.3678869998257
1009.7649960007402
1010.1475400006166
1011.1128589996952
1011.7264110012911
1012.7114850001817
1013.2958389986015
1013.6541069987288
1014.0006649999123
1014.4782550014497
1014.8525860022346
1015.2337340005033
1015.5333330003486
1015.8473859992228
1006.8177709981683
1007.1718709987181
1007.4934539989044
1007.8982029990584
1009.028289001435
1009.3505760014523
1010.2113730026758
1010.6219819972466
1010.9999990017968
1011.3986940014001
1012.0519230003993
1012.4140529987926
1012.775765000697
1013.1953499985684
1013.5595559986541
1013.8856099983968
1014.1652349993819
1014.5865890008281
1014.9474640020344
1015.9282380009245
1016.2122740002815
1016.4689269986411
1016.9386999987182
1017.2999130008975
1017.8368570013845
1018.2204039992939
1018.5958000001847
1019.4562760007102
0.3608820006775204
0.7205229994724505
0.47879300109343603
0.4901469983451534
0.5234979980741628
0.4400340003485326
0.24227399990195408
0.27456200041342527
0.2249690005555749
0.227908996748738
0.23115200019674376
0.3325560028315522
0.32267200003843755
0.2545160023146309
0.4444209989742376
0.28018200100632384
0.36940900099580176
0.4113890026928857
0.42238600144628435
0.3476960009720642
0.2718540017667692
0.263818001258187
0.2916170014941599
0.3226059998269193
0.2951720016426407
0.20800899801542982
0.1427669994882308
1.195066000946099
1.0766529994725715
1.0385899986431468
0.920987000426976
0.9611490022507496
1.0100469989993144
0.9092170002986677
0.874699999258155
0.83050600005663
0.8387110028706957
0.4644860018743202
0.35435500103631057
0.21864500013180077
0.39189099697978236
0.27294899700791575
0.27045599927078
0.2978119991894346
0.2838489999703597
0.26410499776829965
0.29182800062699243
0.25689999893074855
0.33191500187967904
0.23624399909749627
0.9509099982096814
0.8832929997879546
1.2807880011678208
0.878325998201035
1.2079849984729663
0.9153460014204029
0.7774600017000921
0.782461000198964
1.2398569997458253
0.821051999082556
0.1906969991978258
0.2685149993340019
0.21035700046923012
0.46592100261477754
0.25347400151076727
0.19371300004422665
0.2111670000886079
0.28310600100667216
0.22732599973096512
0.3706190000229981
0.31381599910673685
0.31389699870487675
1.484127998992335
1.413284000591375
2.191550000134157
2.0302060001995414
2.147499002603581
2.036557001702022
2.822038997692289
2.494385000318289
2.9490849992726
2.5310909986728802
2.922421001130715
0.19133000023430213
1024.2075700007263
1028.356860002532
1029.8880449990975
1030.14672000063
1029.2751000015414
1029.7156820015516
1030.1996620000864
1030.635101000371
1031.3984349995735
1029.8194019997027
1030.1463729992975
1030.528986997524
1030.9573539998382
1031.3554409985954
1031.7905049996625
1032.2270649994607
0.5012440014979802
0.4798050031240564
0.25855100102489814
0.3145890004816465
0.42763600140460767
0.32799500331748277
0.31260399919119664
0.33390899989171885
0.30043300284887664
0.2834509978129063
0.2811960002873093
0.6114759999036323
0.5712809979740996
0.9078190014406573
0.736632999178255
0.6004669994581491
0.47713399908388965
0.41395900188945234
0.319645998388296
0.34416500056977384
0.6000299981678836
0.4591489996528253
0.29476800045813434
0.6008329983160365
0.2519330009818077
0.2858020015992224
0.3025539990630932
0.3358829999342561
0.25364199973409995
0.28332299916655757
0.2642290019139182
0.47750500016263686
0.3885790029016789
0.2536990032240283
0.4257239997969009
0.22028999956091866
1.0671130003174767
1.0535869987506885
0.7409989993902855
0.796571999671869
1.124106001952896
0.6853699997009244
1.539189001050545
0.9110190003411844
2.164551999157993
1.2838430011470336
1.604733999556629
0.16603800031589344
0.516814998263726
0.7046480022836477
0.7698230001551565
0.6531990002258681
0.7805530003679451
0.7154770028137136
0.5988670018268749
0.4488619997573551
0.43772600110969506
0.38382499769795686
0.3731159995368216
0.42424200000823475
0.296879999950761
0.31551799838780425
0.29488999643945135
0.3143720023217611
0.275869999313727
0.2733039982558694
0.25341900254716165
0.33747500128811225
0.2891530020860955
0.23513799897045828
0.9046679988387041
1.05532000088715
1.2162419989181217
0.23913299810374156
0.4181339973001741
0.3722139990713913
0.33881800118251704
0.3964630013797432
0.5674579988408368
0.5349990024114959
0.2851589997590054
0.5345729987311643
0.21284100148477592
0.27952800155617297
0.32175199885386974
0.7705360003456008
1.0570520025794394
0.6203500015544705
0.9043009995366447
0.6400350030162372
1.0776000017358456
0.5522290011867881
0.62803599939798
0.3605659985623788
0.5193519973545335
0.27300800138618797
0.38508299985551275
0.6030199983797502
0.5973469997115899
0.28031999681843445
0.2099919984175358
0.37002299723098986
0.2193769978475757
1.6722399996069726
1.0054279991891235
1.0567800018179696
1.5694199973950163
1.3028739995206706
0.4325049994804431
0.5514689983101562
0.22793599782744423
2.6048219988297205
0.6533970008604228
0.4684770028688945
0.5220099992584437
0.4698819975601509
0.49211099758394994
0.31890799800748937
0.38805900112492964
0.998313000309281
1.763916003255872
1.7964620019483846
1.5980040006979834
1.3436310000543017
2.7912059995287564
2.003346999117639
1.7436999987694435
0.3226219996577129
0.34690299798967317
0.31018300069263205
0.3321740005048923
0.39372600076603703
0.2878060004150029
0.27455400049802847
1008.1983759991999
1005.9073330012325
1006.6263829976378
1006.6780199995264
1007.2292769982596
1007.3649040023156
1007.0828079988132
1008.237285001087
1008.3134950000385
1008.9328810026927
1008.8873810018413
1009.6750390002853
1009.9554890002764
1010.4712620013743
1010.6642259997898
1011.1377220018767
1011.1928160004027
1012.1553669996501
1011.790653999924
1012.2320730006322
1013.0611249987851
1013.5794159978104
1013.9042510018044
1014.1992979988572
1014.5076519984286
1014.8139779994381
1015.1576659991406
1015.4549209983088
1015.7735840002715
1016.0769450012594
1016.3864089990966
1016.8010419984057
1016.9285660012974
1017.3744079984317
1017.7100889995927
1018.0933979972906
1018.4029109987023
1018.7088630009384
1019.0515969989065
1020.1527739991434
1020.2207280017319
1020.8559080019768
1020.934447999025
1021.5144940011669
1021.5809749970504
1022.0009769982425
1022.3054390007746
1022.71681899947
1023.0844680008886
1023.2929699996021
1023.521923001681
1023.764460998791
1024.0465629976825
1024.582065998402
1024.4462629998452
1025.1607309983228
1024.834493000526
1026.254013999278
1027.1712930007197
1018.9499990010518
1019.2961869979626
1022.3049689993786
1024.8824119989877
1025.5821159989864
1026.8142210006772
3027.3240770002303
1.0894049992202781
1.1220279993722215
1.9253190002928022
1.2301619972276967
2.4732590027269907
6.0024849990441
5.814003001432866
5.381566999858478
4.273482001735829
5.432680998637807
3.847880998364417
5.419708999397699
4.375920001621125
4.9798549989645835
1.063784999132622
0.8826150005916134
2.3120559999370016
0.5848649998370092
0.6916490019648336
5.159610998816788
5.098515001009218
5.343546999938553
6.066449001082219
4.888941999524832
5.246287000773009
4.174937999778194
4.096395001397468
4.001238001364982
3.5856240028806496
3.9397069995175116
5.1820199987560045
3.701175002788659
4.382676001114305
3.7675540006603114
3.7221819984551985
3.7107650023244787
7.721631998720113
5.824201001814799
5.76455500049633
5.730582000978757
5.6659600013517775
2.9575670014310163
4.864784998062532
1.2996279983781278
5.374719999963418
2.614224998978898
3.6695309972856194
4.200121002213564
7.333794001169736
7.018504002189729
3.852417998132296
8.115577002172358
8.391503000893863
6.162719000712968
6.129155000962783
10.342912999476539
6.777746999432566
10.08499599993229
6.5700560007826425
6.095805998484138
7.145545001549181
6.608106999919983
6.013508998876205
5.423670998425223
6.883630998345325
0.4483230004552752
0.5101269998704083
0.4810249993170146
0.8546329991077073
0.41149199751089327
0.5845859996043146
0.38798400055384263
0.30314000105136074
0.8571440012019593
0.7552679999207612
0.6551559999934398
0.6114780007919762
0.5113289989822078
0.4919759994663764
0.502858998515876
0.26220799918519333
0.3195019999111537
0.4327040005591698
0.2181939998990856
0.14867600111756474
0.34062800114043057
0.328337999235373
0.42318799751228653
0.30977200003690086
0.5793649979750626
0.2586570008134004
0.2019059975282289
0.19418699957896024
0.22375199841917492
1.1252520016569179
0.7106889970600605
1.1443190014688298
1.0200590004387777
0.3836430005321745
0.9074709996639285
0.4836369989789091
0.5482630003825761
0.4621560001396574
0.5820269980176818
0.6252409984881524
0.6033919999026693
0.520049001352163
0.6191840002429672
0.40423599784844555
0.3247260028729215
0.32043700048234314
0.25188899962813593
0.22445899958256632
0.2738030016189441
0.40774299850454554
0.2595690020825714
0.4139789998589549
0.2903559980040882
0.40231900129583664
0.28823200045735575
0.34269400202902034
0.29197399999247864
0.2799829999275971
0.2755999994406011
0.2882939988921862
0.3334780012664851
1.2319829984335229
0.8741189994907472
1.1056180010200478
0.5896420007047709
1.5054939976835158
0.5298429969116114
1.4846699996269308
0.498507000884274
0.9653929992055055
0.3117500018561259
3.096064003329957
3.0137700014165603
2.832055997714633
3.069686001254013
3.360233000421431
2.711633002036251
2.7302390008117072
2.669695000804495
3.0931790024624206
3.349520000483608
2.7566440003283788
2.6419990026624873
2.4190780022763647
2.9513460031012073
2.3367600006167777
2.803264000249328
2.303309000126319
2.277224000863498
1.761219999025343
2.3083980013325345
2.1102730024722405
2.3362339998129755
3.104374998656567
0.3158370018354617
4.755637997732265
0.29131600240361877
0.5634350018226542
1001.1740610025299
1001.3525600006687
1002.3084310014383
1002.0613520027837
1002.7757090028899
1003.3842859993456
1005.2503039987641
1003.2176829990931
1002.9142210005375
1003.7969320001139
1004.1584550017433
1005.4603930002486
1028.8705629973265
1029.1027420025785
1029.7190319979563
1030.3740319977805
1029.663459998119
1030.362386998604
1031.7715460005275
1032.0996369991917
1031.6906080006447
1033.2814210014476
1032.7626050020626
1031.6739440022502
1031.515667000349
1033.2905819996085
1031.8058489974646
1033.0455470029847
1033.8473040028475
1031.513312998868
1032.6459010029794
1034.6536270008073
1034.1073149975273
1035.5923930001154
1035.9314509987598
1036.3426200019603
1037.2893349995138
0.7123969990061596
0.6992050002736505
0.4715629984275438
0.4482490003283601
0.5443939990072977
0.29172300128266215
0.3485689994704444
0.37882000106037594
0.32627499967929907
0.29086400172673166
0.7287910011655185
0.4851560006500222
0.5330980020517018
0.48888599849306047
0.7969959988258779
0.6058849976398051
0.436353002442047
0.6312609984888695
0.9918989999277983
0.42840400055865757
0.45415600106935017
0.33624700154177845
0.5491689989867155
0.532481000846019
0.5896060029044747
0.5415039995568804
0.3864169993903488
0.5817800010845531
0.3291220018581953
0.26878299831878394
0.49365100130671635
0.4228369980410207
0.33057000109693035
0.4685889980464708
0.6449510001402814
0.43802399886772037
0.4286540024622809
0.7693229999858886
0.2776670007733628
0.328369002090767
0.2963210026791785
0.20955500076524913
0.3324739991512615
0.2535330022510607
0.1906809993670322
0.37883400000282563
0.6460590011556633
0.4926140027237125
0.5485610017785802
0.7345300000451971
0.6422760015993845
0.5287429994496051
0.6231879997358192
0.5691539990948513
0.3092659972026013
0.414130998251494
0.3548319982655812
0.3174679986841511
0.23474599947803654
0.192170002264902
0.23867700292612426
0.42192600085400045
0.4231910024827812
0.4389319983602036
0.47124000047915615
0.36134699985268526
0.3236359989386983
0.19935200180043466
0.2630039998621214
0.22395300038624555
0.3391739992366638
1.1119579976366367
1.0774639995361213
0.6637920014327392
0.47773999904165976
1.1252379990764894
1.1233769982936792
1.0027900025306735
0.8187820021703374
0.6071910029277205
0.30668000181321986
0.2628900001582224
0.8836990018608049
3.26544600102352
0.3318919989396818
2.9164259976823814
2.1341199972084723
2.4727050004003104
2.4282359991047997
3.1488250024267472
2.694437000172911
2.239363999251509
2.353366002353141
3.2510780001757666
0.4287509982532356
0.4160149983363226
0.4677739998442121
0.3836110008705873
0.6101400031184312
0.3206979999959003
0.3081379982177168
0.21500699949683622
0.2607380010886118
0.30748200151720084
0.25603099857107736
0.5106270000396762
0.24384299831581302
0.4242450013407506
0.26133699793717824
0.20824399689445272
0.22244000138016418
0.2958020013466012
0.4549670011328999
2.0831719994021114
1.0881289999815635
1.0473789989191573
1.357309000013629
0.7943630007503089
0.21155699869268574
0.34164899989264086
0.294213998131454
0.33756599805201404
0.2864840025722515
0.3140860026178416
0.4033719997096341
0.44408000030671246
0.39219699829118326
1.3393680019362364
0.5288050015224144
0.4120330013392959
0.6239819995244034
0.4213659995002672
0.7098040005075745
0.7163730006141122
0.7285880019480828
0.3620990028139204
0.5162199995538685
1011.4210589999857
1011.8672810021963
1012.2362179972697
1012.5019639999664
1012.7984659993672
1013.2732399979432
1013.7936270002683
1014.4359909972991
1015.1024979968497
1015.5443580006249
1016.1307380003564
1016.6174830010277
1017.2685770012322
1017.6568369970482
1018.163923999964
1018.413721001707
1019.0373320001527
1019.378263001272
1020.1743360012188
1020.5239249989972
1021.6564160000416
1023.809798000002
1024.2731620019185
1024.7909050012822
1025.2808410004945
1025.589401997422
1026.0105359993759
1026.5352339993115
1026.9032579999475
1028.8752339984057
1029.884553001466
1030.3994429996237
1030.9836129999894
1031.4690849991166
1034.7510399988096
1034.9001719987427
1018.231398997159
1019.4272389999242
1019.9208349986293
1020.9387390023039
1021.3224660001288
1021.7225899978075
1022.1109869999054
1022.55563899962
1022.938078000152
1023.4593020031753
1024.2796260026807
1024.5602420000068
1027.5863130009384
1027.8417020017514
1028.2044310006313
1028.5687089999556
1028.961004998564
1029.6628140022221
1030.85368399843
1031.6771479992894
1031.8625410000095
1032.5641609997547
1032.7905349986395
1033.541274999152
1034.3525470016175
1040.52779900303
1040.706431002036
0.4750929983856622
0.4709860004368238
0.43939299939665943
0.49061400204664096
0.4161630022281315
0.3487549984129146
0.5913220011279918
0.5173730023670942
0.7122800016077235
0.5554910021601245
0.502507002238417
0.40013699981500395
0.27002500064554624
0.329136000800645
0.3332740016048774
0.45959000271977857
0.35493799805408344
0.265041999227833
0.2670520007086452
0.2543929986131843
0.2634699994814582
0.43547300083446316
0.26033000176539645
0.29398599872365594
0.31299499823944643
0.41288900320068933
0.9891949994198512
1.1534119985299185
1.1893150003743358
1.0585460004222114
1.111945999582531
0.9827100002439693
0.8851519996824209
0.7695310014241841
0.9595100018486846
0.7662300013180356
1.003538000077242
0.2912050003942568
0.6269340010476299
0.20507899898802862
0.43906700011575595
0.4302300003473647
0.4086799999640789
0.3429930002312176
0.5880880016775336
0.354836000042269
0.27381600011722185
1.1066879997088108
1.0539989998505916
1.1798149971582461
1.0935120008070953
0.9114200001931749
0.8299580003949814
1.1433609979576431
0.7930139981908724
0.7154459999583196
0.8111019997159019
0.6438240015995689
0.35595500230556354
0.18536100105848163
0.18228000044473447
0.42681699778768234
0.605312998231966
0.31937599851517007
0.45533299999078736
0.36181699761073105
0.5234910022409167
0.32822200228110887
0.7066350008244626
0.4883740002696868
0.24224500157288276
1.0840279974217992
1.1961510026594624
0.9844090018304996
0.6963170017115772
0.8069709983828943
1.0018760003731586
1023.374098000204
1027.6980020025803
1023.9033969992306
1023.4649539997918
1024.3982179999875
1024.6397020018776
1025.1047460005793
1025.3878090006765
1027.9370349999226
1026.2975149998965
1027.7406990026066
1030.2479679994576
1029.8482720027096
1030.846682999254
1030.4387789983593
1031.5432099996542
1032.0217480002611
1031.9884829987132
1032.4248260003515
1031.3477259987849
1031.7736879987933
1032.2177609996288
1032.808477000799
0.2771840008790605
0.3096469990850892
0.29940400054329075
0.26568899920675904
0.2925040025729686
0.3265589984948747
0.4023770015919581
0.37113099824637175
0.20949100144207478
0.4029670017189346
0.3898469985870179
0.2161029988201335
0.43945000288658775
0.2849000011337921
0.5027680017519742
0.3259170007368084
0.38454400055343285
0.8921140033635311
0.7817660007276572
0.6901229971845169
1.197124998725485
0.7607099978486076
0.5663720003212802
1.2813740031560883
0.6031689990777522
0.9433070008526556
0.6285279996518511
0.24985700292745605
0.2891330004786141
0.25173699759761803
0.20275600036256947
0.24176400256692432
0.22246399748837575
1.427694998710649
2.0708169977297075
2.0687559990619775
1.4919909990567248
1.8767719993775245
1.9908559988834895
0.769654998293845
0.9894600007100962
0.7986939999682363
1.37580299997353
0.5966750031802803
0.5954080006631557
0.3408189986657817
0.30848300229990855
0.318804999551503
0.3109919998678379
0.3180149979016278
0.44873200022266246
0.7525139990320895
1.0794839981826954
0.7343360011873301
0.9321120014647022
0.4980670018994715
0.7657980022486299
0.9377219976158813
0.4272900005162228
0.3708399999595713
0.3240830010327045
0.34029099697363563
0.3245450025133323
2.533606999350013
2.4169879980036058
2.5838170004135463
2.3407329972542357
2.16294300116715
2.4155510000127833
2.684033999685198
1.9967199987149797
1.9810039993899409
2.3778350005159155
2.547833999415161
1.7279259991482832
1.6897720015549567
2.3027480019663926
1.5471980004804209
2.3370340022665914
1.8382880007266067
1.5309109985537361
1.5480360016226768
1.1430380000092555
0.9466620031162165
0.47379899842781015
0.4459960000531282
0.6373220021487214
0.32952400215435773
0.45074400259181857
0.37583800076390617
0.2858139996533282
0.9351640001113992
2.4323159996129107
2.604528999654576
3.0369119995157234
3.3382129986421205
3.2301550018019043
2.160996002203319
3.840105997369392
3.3334059990011156
0.3447219969530124
0.3608860024542082
0.29779099713778123
0.2589979994809255
0.28505700174719095
0.24325399863300845
0.29682900276384316
0.6777380003768485
0.5230789975030348
0.7524680004280526
0.537058000190882
0.5211509997025132
0.6892869969306048
0.36235199877410196
0.31565599783789366
0.2874230012821499
0.36793600156670436
0.23346799935097806
0.18927799828816205
0.26340999829699285
0.275640999461757
0.3275560011388734
0.4717169977084268
0.7103680000000168
0.4053740012750495
0.4116589989280328
0.22788900241721421
0.1799729980120901
1005.3259549968061
1002.6690209997469
1002.1136849973118
1004.6349820004252
1002.6460680019227
1005.1175459993829
1003.356001998327
1003.7659690024157
1006.0141230023874
1005.5631710019952
1006.8610179987445
1006.318570998701
1007.5935579989164
1010.0808649985993
1013.1995279989496
1009.7770270003821
1014.0126969999983
1010.4875170000014
1014.4972889975179
1014.9983369992697
1011.4240360016993
1015.4645530019479
1018.6504640005296
1012.6662900001975
1019.3845149988192
1019.9029510004038
1013.5858549983823
1020.5249169994204
1014.1993380020722
1014.7776650010201
1015.1830230024643
1015.5935070033593
1015.941223999107
1017.9666859985446
1019.1599350000615
1019.5567099981417
1019.9739019990375
1020.433817000594
1020.8808160023182
1021.3555529990117
1021.6682729987951
1022.0136159987305
1022.4160100005975
1023.1523849979567
1012.9451290013094
1013.9791860019614
1015.6438469966815
1016.1124839978584
1016.8070720028481
1017.4934200003918
1017.2977170004742
1018.2143220008584
1017.9890990002605
1018.7216110025474
1019.5911019982304
1019.3188359990017
1020.0070490027429
1020.9671369993885
1020.6945489990176
1021.5125459981209
1021.9793420001224
1022.2255919979943
1022.9216609986906
1022.744617999706
1023.47855699918
1023.7691830006952
1024.1866639989894
1024.5174849987961
1024.837656001182
1025.1463750028051
1026.702621998993
1027.0360659997095
0.2643709995027166
0.32140400071511976
0.4572789985104464
0.4579190026561264
0.36945100146112964
1.5473169987672009
1.5576570003759116
1.5038810015539639
1.611784999113297
1.1882679973496124
1.5769209967402276
1.4600520007661544
1.2130929972045124
0.9827289977692999
1.2041950030834414
1.6282539982057642
1.0697059988160618
1.4788020016567316
0.9691949999250937
0.5579270000453107
0.23453399990103208
0.24376800138270482
0.14807099796598777
0.5202380016271491
0.2841640016413294
0.29119700047886
1.218853001773823
1.1326579988235608
1.3177770015317947
0.8687419976922683
1.2172839997219853
0.8174200011126231
0.8741689998714719
1.091696001822129
0.8170880028046668
1.521225000033155
0.8607370000390802
0.34496800071792677
0.29847400219296105
0.43129899859195575
0.713558001734782
0.4681820028054062
0.30632100242655724
0.4857900021306705
0.26977599918609485
0.4917539990856312
0.3787599998759106
0.23751600019750185
1.0821529976965394
0.9161279995169025
0.928502999158809
0.8013970000320114
0.7240400009322912
0.9918850009853486
0.6911650016263593
0.6406489992514253
0.7952159976412077
0.41413799772271886
0.2815230000123847
0.34931099798996
0.3658260029624216
0.32332000046153553
0.7491910000680946
0.657200002024183
0.5673250016116071
0.3971450023527723
0.5369729988160543
0.3520499994920101
0.588876999245258
0.4030419986520428
1025.3177910017257
1025.8669139984704
1026.8737740007055
1027.8364890000375
1026.7210870006238
1027.6596429976053
1028.8083279992861
1028.3763189981983
1026.4918169996236
1028.9790290007659
1030.1125789992511
1031.1547410019557
1028.6558130028425
1029.9717390007572
1030.4293340013828
1029.5196190018032
1032.2095929986972
1030.743741997867
1032.9084350014455
1031.4854930002184
1034.331236998696
1033.774697996705
1034.607658002642
1034.3974900024477
1034.0118309977697
1034.6993380007916
1035.230320001574
1035.3919369990763
1035.0567040004535
3042.711195001175
1.2409560004016384
0.9165839983324986
1.1151930011692457
2.932185001554899
1.9189569975424092
1.049635000526905
2.0209129979775753
1.9876189981005155
1.8783019986585714
0.8068320021266118
1.0205620019405615
0.49683999895933084
0.4924530003336258
2.072094997856766
0.5116680003993679
0.40822300070431083
0.8623310022812802
0.4300090004107915
0.453976997960126
0.7277530021383427
0.6481460004579276
0.6350069998006802
0.6107330009399448
0.5465089998324402
0.24491300064255483
0.7723979979346041
0.683971000398742
0.47346100109280087
0.6525110002257861
0.9305679996032268
0.6031929988239426
0.5374669999582693
0.7682180003030226
0.573359000554774
0.3553120004653465
0.3180580024491064
0.4449049993127119
0.47979200098779984
0.27311499798088335
0.5878160009160638
0.2864839989342727
0.4235890010022558
1.225568001245847
1.255462000699481
0.37702299960074015
1.1356849972798955
1.381443998980103
1.0782669996842742
1.2701160012511536
0.6574180006282404
0.6239340000320226
0.49886999840964563
1.5609110014338512
1.3849839997419622
0.648932000331115
0.5605900005321018
0.5883109988644719
0.613436997809913
0.4429850014275871
0.5993320010020398
0.2898989987443201
0.5450019998534117
0.22048699975130148
0.24236999888671562
0.23405500178341754
0.2929030015366152
0.584797999181319
0.6035890000930522
0.41450600110692903
0.7024760016065557
0.3796980017796159
0.346183998772176
0.24904100064304657
0.38858200059621595
0.4229559999657795
0.36130999797023833
0.3150430020468775
0.32532399927731603
0.38491899977088906
0.412413999583805
0.32118499802891165
0.38810400292277336
0.26685799821279943
0.430906999099534
0.3168080002069473
0.8542510004190262
0.9148649987764657
1.3124910001351964
1.2851850005972665
0.7266659995366354
0.9084339981200173
0.7433219980157446
1.2279789989406709
0.946038999245502
0.852543002110906
0.5177880011615343
0.24996000138344243
0.6453919995692559
0.6011440018482972
0.27183699785382487
0.4812160004803445
0.5134630009706598
0.5699579996871762
0.37755200173705816
0.2787160010484513
0.1896680005302187
0.3130270015390124
0.23042999964673072
0.5546110005525406
0.2978109987452626
0.47532600001432
0.3975309991801623
0.3637330009951256
0.7201890002761502
0.7881250021455344
0.6346560003294144
0.6777929993404541
0.5230389979260508
0.7021339988568798
0.3085589996771887
0.3459250001469627
0.2399930017418228
0.25184100013575517
0.30174200219335034
0.24574000053689815
0.275494996458292
0.33230400003958493
0.18459800048731267
0.49114500143332407
0.3347370002302341
0.6005559989716858
0.25945300149032846
0.39080499846022576
0.2522059985494707
0.6176079987199046
0.33265499951085076
0.36596000063582323
0.29521800024667755
0.3413300000829622
0.2195939996454399
0.4385459978948347
0.44792699918616563
0.5310809974616859
0.6151550005597528
0.1977280007849913
0.4157570001552813
1001.9468120008241
1001.4480870013358
1001.6793419999885
1001.9744000019273
1002.6086799989571
1002.4610399996163
1003.5177799982193
1002.9906099989603
1003.4003160035354
1004.2617229992175
1003.9357800014841
1005.016709001211
1004.5676590016228
1006.0992869985057
1005.2559260002454
1007.491686999856
1006.8039969992242
1008.2202510020579
1007.57587499902
1008.8352730017505
1008.288403001643
1009.3944830005057
1008.9504280003894
1009.4010869979684
1010.1747240005352
1009.9944689973199
1010.768055999506
1010.5451989984431
1011.4004940005543
1011.1532310002076
1012.1662840028876
1011.7737880027562
1012.3730230006913
1013.0185419984628
1009.4431540019286
1010.5033959989669
1011.1667829987709
1011.4763919991674
1013.8725560027524
1030.9047729970189
1030.335212002683
1030.7642509978905
1030.349947999639
1030.2240400014853
1030.7440889991994
1031.5420609986177
1030.948987998272
1032.1408829986467
1031.993208998756
1031.4413319974847
1032.639675999235
1032.547438997426
1032.4293060002674
1032.264404999296
0.1911670005938504
0.1900389979709871
0.4547339995042421
0.3426180010137614
0.38385100197046995
0.3296249997220002
0.31403700268128887
0.3877259987348225
0.4301999979361426
0.9184690024994779
0.7505729990953114
0.4003469985036645
0.6414019990188535
0.4885669986833818
0.42397800280014053
0.30671199783682823
0.4059610000695102
0.3398120024939999
0.3990910008724313
0.2323869994143024
0.2315479978278745
0.3372920000401791
0.3013719979207963
0.3172069991705939
0.6639400016865693
0.23246500131790526
0.4895490019407589
0.3533239978423808
0.44372699994710274
0.32187800024985336
0.3156389975629281
0.345496999216266
0.328105001244694
0.30529600189765915
0.26439499924890697
0.27456200041342527
0.3324589997646399
0.3132229976472445
0.2024809982685838
0.4264110029907897
0.2386089981882833
0.28793000092264265
0.2001489992835559
0.237816999288043
1.061687999026617
0.8391679984924849
1.0670969968487043
1.039565002429299
1.6617600012978073
1.5834460027690511
1.0653150020516478
0.78219200077001
0.8378540005651303
0.6263420000323094
0.3146290000586305
0.23305699869524688
0.4661780003516469
0.31622499955119565
0.38891000076546334
0.3384199990250636
0.3360349983267952
0.3869970023515634
0.45603800026583485
0.26054100089822896
0.41818200043053366
1.0017140011768788
1.375689000269631
0.7572660033474676
1.0530079998716246
0.7526190020143986
0.5947630015725736
1.3008240021008532
0.16404699999839067
0.8687410008860752
0.3359689981152769
0.30123799660941586
0.4129190019739326
0.27265500102657825
0.30859899925417267
0.3110010002274066
0.2625540000735782
0.35299899900564924
0.4192750020592939
0.930558999243658
0.9221109976351727
0.8336580031027552
0.7569310000690166
1.4719160026288591
1.130324999394361
0.5729690019506961
0.7846580010664184
0.9424070012755692
0.5540800011658575
0.1877469985629432
0.3782399980991613
0.18287999773747288
0.423928999225609
0.5304389997036196
0.544151000212878
0.5249770001682919
0.2576119986770209
0.3492169998935424
0.6636830003117211
0.41843699727905914
0.39828099761507474
0.3100989997619763
0.18670500139705837
0.1899839990073815
1.1911640031030402
0.5619590010610409
0.575686997763114
0.5182499990041833
0.8349589988938533
0.9095079985854682
0.3697480024129618
0.49324599967803806
0.8286520023830235
0.6968859997869004
0.2724549995036796
0.4064540007675532
0.3138730025966652
0.5472650009323843
0.46419100181083195
0.44618700121645816
0.23437700292561203
1008.6914150015218
1007.0078410026326
1006.9892310020805
1007.8965819993755
1007.4465469988354
1010.1616700012528
1008.0292759994336
1011.3908280000032
1009.0997139996034
1008.6709740025981
1012.0690210023895
1012.4801759993716
1012.3829600015597
1013.0121740003233
1013.5962079984893
1014.6052679992863
1014.9844869993103
1015.2954419972957
1015.6445149987121
1016.2179379985901
1016.2077610002598
1016.6680799993628
1015.7726170000387
1017.1129139998811
1017.4052880029194
1017.8334240008553
1017.8816119987459
1018.4981099992001
1019.4649429977289
1019.9588329996914
1020.0657730019884
1020.8547830006864
1021.2849119998282
1021.1384560025181
1021.9707159994869
1022.0121489983285
1022.401557998819
1022.705366001901
1026.5803879992745
1027.0750499985297
1027.5714339986735
1028.0704570031958
1028.6768149999261
1030.0595569970028
1030.5253439983062
1031.02473099716
1031.8041459977394
1032.1632440027315
1032.7920519994223
1017.8879030027019
1018.2460110008833
1018.8392460004252
1019.5210320016486
1019.8257410011138
1020.3952629999549
1020.8581650003907
1021.2392899993574
1023.4538749973581
1023.8863109989325
1024.184840000089
1024.7672149998834
1026.5243709982315
1026.7073960021662
1027.005685999029
1030.3516259991738
1030.7386300009966
1031.1128159992222
1031.5319540022756
1032.0517200016184
1032.347125998058
1033.615179003391
1034.1036230020109
1034.3630149982346
1034.8734239996702
1035.5087739990267
0.28156600092188455
0.4273470003681723
0.36977300260332413
0.40767900281935
0.39788600042811595
0.44259700007387437
0.3270209999755025
0.3835749994323123
2.5842329996521585
2.6511839969316497
2.594051002233755
2.573761998064583
2.5701749982545152
2.377476001129253
2.5459190001129173
2.2295410017250106
2.46726100158412
2.1990780005580746
2.740665000601439
4.059793998749228
2.1682419974240474
1.8666949981707148
2.137213999958476
1.9223780000174884
1.8802699996740557
2.35005400099908
1.835533999837935
3.092252998612821
1.773385996784782
3.0660499978694133
1.562830999318976
1.4570450002793223
1.2218829979246948
1.5701809970778413
1.096387000870891
1.5197899992926978
1.3561769992520567
1.8694619975576643
1.0909510019700974
0.8952089992817491
1.336867000645725
1.0606440009723883
0.9536329998809379
1.6288639999402221
1.8344639975111932
1.883346998511115
1.7704950005281717
1.570104002894368
1.7952829985006247
2.1605749971058685
2.4649510014569387
1.6404710004280787
1.8610379993333481
3.1478729979426134
0.38831900019431487
0.6933440017746761
0.2891849981097039
0.34848300128942356
1.4098419997026213
0.30388199957087636
12.419958999089431
0.28561799990711734
1022.1209449991875
1022.5202449983044
1022.447932002251
1023.1932079987018
1023.6287289990287
1023.7175559996103
1024.630582996906
1024.2788029972871
1025.6811879989982
1024.9323819989513
1026.3432860010653
1025.711971000419
1027.0659230009187
1026.3586750006652
1027.9221990022052
1026.8808850014466
1030.2725359979377
1027.5901019995217
1031.1165430030087
1028.243446999113
1031.8274290002591
1028.803274002712
1032.750679001765
1031.3655880017905
1033.1728490018577
1032.1847019986308
1033.9939719997346
1032.9112979998172
1034.669204000238
1033.756960001483
1034.24150200226
1034.8035939969122
1028.384075001668
1029.3702439994377
1030.1871039991966
1033.989441999438
1034.9551599974802
1036.2525330019707
1.760145001753699
1.9139880023431033
1.7396160001226235
1.5913380011625122
1.9181790012225974
1.7328339999949094
1.2097180006094277
1.5294000004359987
2.0006960003229324
1.1803679990407545
1.749970000673784
1.100430999940727
1.5015359967947006
1.8391310004517436
1.0666049965948332
0.7084669996402226
0.4109149995201733
0.1856419985415414
0.379619999876013
0.2816030028043315
0.7991229977051262
1.1560830025700852
1.082047998352209
0.8254899985331576
0.7529270005761646
1.2150779984949622
0.7727330012130551
0.8196060007321648
0.739760998840211
0.31673599733039737
0.3454040015640203
0.4095679978490807
0.26946999787469395
0.4691079993790481
0.19950100249843672
0.20794400188606232
0.2942140017694328
0.14536399976350367
0.7836719996703323
0.7169620002969168
0.6921749991306569
1.225003998115426
1.063253999745939
0.4489329985517543
0.4207969977869652
1.8246750005346257
1.6149469993251842
0.27057499755756
0.2719229996728245
0.30820599931757897
0.426176000473788
0.40701399848330766
0.22316100148600526
0.16969599892036058
0.35807500171358697
0.2812080019793939
0.810143999842694
0.6451980007113889
0.6631100004597101
0.616134002484614
0.5821810009365436
0.6327099981717765
0.4627109992725309
0.2558900014264509
0.38758500159019604
0.2681879996089265
0.17905999993672594
0.5294479997246526
0.4218659996695351
0.24036299873841926
0.5526319982891437
0.2779099995677825
0.7540210026490968
0.6778479983040597
0.48311100181308575
1.020436997350771
0.5895769972994458
0.3884559992002323
0.6301600005826913
1.3333070019143634
0.4706330000772141
0.313887998345308
0.3772990021388978
0.31139899874688126
0.3729570016730577
0.4103540013602469
0.3491669995128177
0.3034920009667985
0.34963600046467036
0.5314190020726528
0.45936699825688265
0.2387610002188012
0.4040140011056792
0.43671299863490276
0.8430689995293505
0.7810179995431099
0.6566890006070025
1.050815000780858
1.2899110006401315
1023.4026040016033
4.013246001704829
0.630514001386473
0.6967029985389672
1.2945670023327693
0.5179639993002638
1.8254229980811942
2.1338690021366347
2.771774001303129
6.006519000948174
0.4561730020213872
0.28063200079486705
0.29162600185372867
0.41295000119134784
0.6470469998021144
0.5233500014583115
0.5350819992600009
0.42324699825257994
0.41163700007018633
0.32499799999641255
0.5599079995590728
0.41385599979548715
0.30299200079753064
5.947825000475859
5.870496002899017
5.734468002629001
5.658934001985472
6.236639001144795
5.572655998548726
5.480402000102913
5.405408999649808
5.2217869997548405
5.0497099982749205
6.125034000433516
5.299784999806434
4.899717998341657
6.002834998071194
4.3708089979190845
4.537789001915371
5.065961999207502
5.410963996837381
4.338479000580264
7.221674000902567
4.028999999718508
4.396330998133635
5.08512699889252
5.866226001671748
7.3241130012320355
5.381274000683334
3.5809350010822527
3.373503001057543
3.690776000439655
3.3355429986841045
3.427261999604525
4.31091800055583
7.543706000433303
2.4227299982158
4.531774997303728
6.351038002321729
5.780171002697898
6.007695999869611
5.301004002831178
2.2071719977247994
1.4290639992395882
1.9968250016972888
1.4635229999839794
1.363253999443259
1.4658000000054017
1.3632849986606743
1.3520229986170307
1.195752000057837
1.3875120021111798
1.2298110013944097
0.9578680001141038
0.5586110019066837
0.9377809983561747
0.3526519976730924
0.2993889975186903
0.2671190013643354
0.6153550020826515
0.35896199915441684
0.433573000918841
0.2780279974103905
1.2917460007884074
1.6925780000747181
0.8051820004766341
1.3639620010508224
1.8629689984663855
1.5547260009043384
1.1659849988063797
1.4266950020100921
1.0855450018425472
1.9084470004600007
1.0272489998897072
0.7337110000662506
0.23452100140275434
0.286927999695763
0.25953399745048955
0.6886850023875013
0.6491530002676882
0.2038730017375201
0.3174960002070293
0.4383949999464676
0.45845300337532535
0.27947299895458855
0.4831469996133819
0.5308440013322979
0.5613169996649958
0.4372630028228741
0.22474899742519483
0.25712700153235346
0.7387169971480034
0.23305200011236593
0.4300939981476404
0.3771270021388773
0.36827800067840144
0.742922999052098
0.6793739994463976
0.4655840020859614
0.7232149982883129
0.3428839991101995
0.637721001112368
0.2895559991884511
0.35957799991592765
0.3399009983695578
1.3141399977030233
1.2550579995149747
0.2465999968990218
0.6651260009675752
0.5522089995793067
0.6821639981353655
0.4756279995490331
0.7255559976329096
1.1069600004702806
0.4596349972416647
0.3435710023040883
0.336532000801526
0.2423469995846972
0.39367999852402136
0.21298799765645526
0.2438830015307758
0.25530700077069923
0.27240599956712686
0.34048200177494437
0.34608399801072665
0.37732700002379715
0.44959299702895805
0.4891009994025808
0.4754170004162006
0.5041799995524343
0.5416650019469671
1.8355929969402496
0.9745499992277473
0.6977859993639868
0.31982900327420793
0.27939199935644865
3.079863003222272
1.382662001560675
1.0726510008680634
1.3544350003940053
1.2210130007588305
0.828524000098696
1.0316949992557056
0.8583919989177957
1004.5773720012221
1002.9100909996487
1001.563443998748
1003.0585799977416
1003.6839860003965
1004.785847999301
1003.8225990028877
1005.5118409982242
1006.4624170008756
1006.0875359995407
1006.8163229989295
1007.4219890011591
1007.9215149999072
1007.7179740001156
1013.952524997876
1018.4130489978998
1018.7647580023622
1018.447112001013
1019.2823190009221
1020.1113240000268
1019.6854700006952
1021.1615890002577
1020.2754489982908
1023.1201870010409
1023.5443790006684
1032.5195439982053
1033.018253998307
1033.4648419993755
1020.5193540023174
1020.8569509995868
1021.2028870009817
1021.6067069995916
1021.9473739998648
1022.4220309974044
1034.1283210000256
1034.7209989995463
1034.9019390014291
0.6573960017703939
1.0595200001262128
0.8065180008998141
0.8701709994056728
0.71386700074072
0.5554549970838707
0.5626959973596968
0.4270790013833903
0.7304729988391045
0.45544200111180544
0.8197139977710322
0.5613719986286014
1.122953002777649
0.25210599778802134
0.320751998515334
0.5890370011911727
0.3848409978672862
0.39145100163295865
0.2835039995261468
0.5310050000844058
0.4594099991663825
0.33220900149899535
0.32021399965742603
0.23571900237584487
0.2827460011758376
0.37724000139860436
0.23853699894971214
0.4302460001781583
0.2907839989347849
0.2287639981659595
0.5454079982882831
0.5033110028307419
0.25983199884649366
0.6123579987615813
0.3926130011677742
0.46511899927281775
0.44765599886886775
0.44465899918577634
0.445009001850849
0.39871899934951216
1.2275720000616275
1.233882998349145
1.2932350000482984
1.2267390011402313
1.0044509981526062
1.1931389999517705
0.9467249983572401
0.9166880008706357
0.6466200029535685
0.913703999685822
0.520852001500316
0.5665669996233191
0.30691700158058666
0.297759997920366
0.27677000252879225
0.39518500125268474
0.3521819999150466
0.28434799969545566
0.2757030015345663
0.9088989972951822
0.9815049997996539
0.7810790011717472
0.9878519995254464
0.9303939987148624
0.6404979976650793
0.8323770016431808
0.9929070001817308
0.6769389983674046
0.48061299821711145
0.14205299885361455
0.41280200093751773
0.24790400129859336
0.43272900074953213
0.3348780010128394
0.3325890029373113
0.5174409998289775
0.32963400008156896
0.2691390000109095
0.35033899985137396
0.2910410003096331
0.2162990022043232
0.9553570016578306
1.008421000733506
1.0332349993404932
1.045790999341989
0.894870998308761
0.8910020005714614
0.8533299987902865
0.4220099981466774
0.9630669992475305
0.7340810007008258
0.35327899968251586
0.2698170028452296
0.23117999808164313
0.27226200108998455
0.9270930022466928
1.400818997353781
0.3130200020677876
2.546466999774566
2.3740249998809304
0.32255499900202267
0.47298000208684243
0.31426799978362396
0.32206600008066744
0.5947190002189018
0.7190280011855066
0.3084150012000464
0.5288749998726416
0.2773829983198084
0.36331400042399764
0.29592099963338114
0.3566659979696851
0.4738060015370138
0.3798239995376207
0.46839499918860383
0.33633400016697124
0.23002599846222438
0.4948559981130529
0.3746510010387283
0.399148997530574
0.3133969985356089
0.27463299920782447
0.36993799949414097
0.2751179999904707
0.5180850021133665
0.45621400204254314
0.4880760025116615
1005.5412119982066
1005.4181490013434
1005.9613740013447
1007.2880549996626
1007.7349989987852
1006.6524170033517
1009.230864001438
1007.5954920030199
1010.6587709997257
1008.1653199995344
1011.2271699981648
1013.9027999975951
1008.9616069999465
1013.806052000291
1008.2786489983846
1009.8538399979589
1009.2268139997032
1010.512070999539
1010.3633690014249
1011.1753999990469
1011.0157070012065
1012.1960790020239
1011.6373729979387
1013.1731479996233
1012.346974999673
1014.2579340026714
1014.3482359999325
1014.840230000118
1014.9351519976335
1015.7643979982822
1015.6851969986747
1016.4463209985115
1016.223695998633
1017.1337549982127
1017.2192760001053
1017.793001003156
1017.8363020022516
1018.4460970012879
1018.4913099983532
1019.1074840004148
1020.2590740009327
1019.7433879984601
1020.8359530006419
1020.7397570011381
1021.7405379989941
1021.2269049989118
1022.4990370006708
1022.5323309969099
1023.0280350006069
1023.4919290014659
1023.9980990008917
1023.2672659985838
1024.9173819975113
1025.3438999970967
1025.6908780029335
1027.026438001485
1027.1362620005675
1022.7438410001923
1027.0259879980586
1025.158165000903
1026.4998000020569
1024.9812969996128
1027.0457660008105
1027.3325810012466
1027.0011520005937
1025.5769200011855
1024.1453400012688
1028.1113179989916
1026.4777640004468
1026.944110999466
1028.7892750020546
1027.8956379988813
1029.329474997212
0.2862610017473344
0.33786399944801815
0.6839310008217581
2.7962780004600063
3.161265001836
2.9768400017928798
2.678693999769166
2.5845660020422656
2.464324999891687
2.7405590008129366
2.4076469999272376
3.4156980000261683
2.6580560006550513
2.4552840004616883
2.4220180021075066
2.327491998585174
3.633775999333011
2.123073001712328
2.4633909997646697
2.2390340018318966
1.5969080013746861
2.0851859990216326
1.9419640011619776
2.315166999323992
2.1412360001704656
1.6064299998106435
1.6314480017172173
1.200291997520253
1.279181000427343
1.1058570016757585
0.675890998536488
1.1712049999914598
1.0520659998292103
0.9781389999261592
0.876563000929309
0.5651819992635865
1.4379629974428099
0.21489199934876524
0.6248569989111274
0.17737099915393628
0.42346400005044416
0.2941269995062612
0.4882729990640655
1.161282001703512
0.9649479979998432
0.8715469994058367
0.8192580025934149
1.1462860020401422
1.373016999423271
1.6072719990916084
0.972997000644682
1.2703900029009674
1.2105459973099642
2.1683249979105312
2.0236450000084005
2.594356999907177
3.427640000154497
0.3943880001315847
0.7592450019728858
0.8696959994267672
1.0087359987664968
0.3912249994755257
0.3922239993698895
0.7694800005992875
0.5088800025987439
1022.0881969980837
1022.7254530000209
1023.1489630023134
1024.2961089970777
1023.233572999743
1024.8178929978167
1024.0538889993331
1025.4530230013188
1025.0216360000195
1026.0914499995124
1025.6428649990994
1026.7471529987233
1026.2560330011183
1027.7786029982963
1026.8916269997135
1029.7342100020614
1027.625906997855
1030.7934029988246
1028.4296600002563
1028.7840190030693
1029.1860580000503
1029.8167180008022
1030.3424990015628
1031.0117689987237
1031.804550999368
1032.243544999801
1032.857727001101
1033.2148460001918
1031.0791509982664
1031.629242002964
1032.0363329992688
1032.4225909971574
1032.9439859997365
1033.40156899867
1034.3091309987358
0.4117540011066012
0.38092099930508994
0.38115999996080063
0.39515699972980656
0.22723999791196547
0.17544100046507083
0.3406100004212931
0.5323209989001043
0.32421800278825685
0.19668000095407479
0.6627230031881481
0.2254169994557742
0.325209999573417
0.4311240008973982
0.3013909990841057
0.7959419999679085
0.7559289988421369
0.7651320011063945
0.4200670009595342
0.7653239990759175
0.4862569985562004
1.0298699999111705
0.5452869991131593
0.4415949988469947
0.31844799741520546
0.23390999922412448
0.35123199995723553
0.2916090015787631
0.5478550010593608
0.3128529970126692
0.26121599876205437
0.1865779995569028
0.6077969992475118
0.38576000224566087
1.3115330002619885
1.3095430003886577
1.1526510024850722
1.3042390019109007
0.7723380003881175
1.179434999357909
0.8654400007799268
1.1697959998855367
0.8304859984491486
0.8019519991648849
0.3192180010955781
0.48485399747733027
0.532133002707269
0.5164159993000794
0.5164120011613704
0.5662029980157968
0.31524199948762543
0.4715389986813534
0.2828169999702368
1.7216119995282497
1.7430949992558453
0.21639500118908472
0.243267000769265
0.5371570005081594
0.4818740017071832
0.6289550001383759
0.3434569989622105
0.28505899899755605
0.3154679980070796
0.26934400011668913
0.33050699857994914
0.4264390008756891
0.7026790008239914
0.36156399801257066
0.5328959996404592
0.7637440030521248
0.24906899852794595
0.31441399914911017
0.23666299966862425
0.5361869989428669
0.4900329986412544
0.48857700312510133
0.3045429984922521
0.7146620009734761
0.4860280023422092
0.43881400051759556
0.3932510007871315
0.40975699812406674
0.4953200004820246
0.4643809988920111
0.5358879971026909
0.5257019984128419
0.34649300141609274
0.8429890003753826
0.7095510009094141
1.046204000886064
1.436007998563582
1.0216379996563774
0.7130350022634957
0.9585060033714399
0.7516650002798997
0.33047299803001806
0.4866310009674635
0.7178009982453659
0.7502589978685137
0.21358400044846348
0.23374800002784468
0.15925899788271636
0.2735720008786302
0.37265100036165677
0.28760799978044815
0.5178249994060025
0.35986600050819106
0.6136919982964173
0.16555800175410695
1.2771879992214963
0.3722830006154254
0.32868800190044567
0.2842390022124164
0.3140119988529477
1007.0155120010895
1006.4549899980193
1006.9834829992033
1007.609540996782
1008.9797650034598
1008.2611180005188
1009.7310300006939
1008.8177549987449
1010.6566640024539
1010.9710649994668
1009.5052889992076
1012.1985600017069
1010.1697719983349
1013.2482910012186
1015.1121270027943
1011.2338770013594
1012.7753720007604
1010.5493709997972
1013.8864500004274
1011.4436709991423
1015.0551999977324
1012.1887880013674
1012.9257910011802
1016.1738400020113
1013.5446410022269
1016.9739170014509
1019.0246020029008
1014.5153170014964
1019.4742819985549
1015.1341019991378
1020.3731729998253
1015.6282280004234
1020.9714729971893
1016.163633998076
1021.4736769994488
1016.7295149985875
1021.913290998782
1017.0980869988853
1022.448281000834
1017.800432000513
1018.3050699997693
1023.4164649991726
1018.7976269990031
1023.9289519995509
1019.7018309991108
1024.4090870000946
1021.9935389977763
1025.836912998784
1022.6524469981086
1026.629257001332
1023.1728020007722
1027.240568997513
1023.6779670012766
1028.609716999199
1024.1317770014575
1029.269615002704
1024.6715729990683
1029.7380360025272
1025.0449499981187
1030.0392509998346
1025.4288989999623
1030.4214540010435
1025.7971840001119
1030.8088589990803
1026.3571800023783
1032.1217679993424
1026.7730699997628
1032.6903679997486
1027.4646680009027
1033.0817510002817
1028.172240999993
1033.4549170001992
1028.701405000902
1033.8851660017099
1029.2837189990678
1030.8439000000362
1031.5057119987614
1031.8057829972531
1031.160013997578
1032.184846997552
1032.449637001264
1032.759959998657
1033.9014480014157
1034.4232249990455
1028.3068360004108
1034.4661669987545
0.3895959998772014
0.3706049974425696
0.3977209998993203
0.47597699813195504
0.4566950010485016
0.4487149999476969
0.4106500018679071
0.3619490016717464
0.26303699996788055
2.6017869968200102
2.6234719989588484
2.4639250004838686
2.648846999363741
2.310789001057856
2.5612419995013624
2.3426769985235296
2.7910479984711856
2.152285000192933
2.356873999815434
2.6779879990499467
2.2423180016630795
2.075758999126265
2.035260000411654
2.096456999424845
1.920255999721121
1.9019840001419652
2.2391950005840044
1.946953998412937
1.485917000536574
1.6120000000228174
1.1902709993591998
1.079640001989901
1.6757470002630726
1.6693059988028836
1.5407219980261289
1.168072998552816
1.3382110009843018
1.0860469992621802
1.1231249991396908
1.4431080016947817
1.0700669990910683
0.9567399974912405
0.7140039997466374
1.0783609977806918
6.056956000975333
5.721781999454834
0.27815399880637415
0.23857099949964322
1.0749110006145202
0.4335269986768253
0.75996699888492
1.316891000897158
0.3852660011034459
2.058704001683509
2.0494159980444238
1.9988070016552228
1.9648449997475836
1.8876109970733523
1.8432450015097857
1.7946439984370954
1.7429049985366873
1.7015269986586645
1.6620450005575549
1.6181610008061398
1.5422560027218424
1.4867390018480364
1.3092769986542407
1001.2288990001252
1028.6955869996746
1029.2568340009893
1030.5855910009996
1034.2077089990198
1034.8679839989927
1029.0496310008166
1029.02118700149
1029.5759279979393
1029.9011140014045
1030.2666800016596
1030.6562339974334
1031.1802969990822
1031.8155099994328
1032.1689740012516
1032.5884129997576
1033.0132660019444
1031.075550999958
1031.5219440017245
1032.192007998674
1032.9335999995237
1033.609014000831
1034.4694339983107
1034.8358539995388
1035.217365999415
1035.7869289982773
1037.1290290022444
1038.8076650015137
1039.0968890023942
1039.5554320020892
1040.2979169994069
1040.7580089995463
1038.2974780004588
1.1587029985093977
1.3523089983209502
0.801456997578498
1.4042940019862726
0.9940720010490622
0.9705519987619482
0.31125299938139506
0.28081600248697214
0.7738639978924766
0.3636800029198639
0.3586490020097699
0.3467999995336868
0.24345199926756322
0.23311699987971224
0.805221003247425
0.5310490014380775
0.8975950004241895
1.1668410006677732
0.9499039988440927
0.5146859984961338
0.9536639990983531
0.8068810020631645
0.31153600139077753
0.27378199956729077
0.22327799888444133
0.3710730015882291
0.25119600104517303
0.3930589991796296
0.38740699892514385
0.24524900072719902
0.20132699864916503
0.2925669978139922
0.3565879997040611
0.22135600011097267
0.44503400204121135
0.4220869996061083
0.3437330015003681
0.7787670001562219
1.205969998409273
0.703264002368087
1.164867997431429
1.5968549996614456
1.2872750012320466
0.9657259979576338
0.8851200000208337
0.6475139998656232
0.336764998792205
0.21827800082974136
0.29466700289049186
0.8116630015138071
0.4937750018143561
0.3731500000867527
0.2928989997599274
0.30769899967708625
1.7707059996610042
0.7274700001289602
0.9577790006005671
1.3100049982313067
1.0765100014396012
0.48781999794300646
0.5374909997044597
0.47835599980317056
0.43328200263204053
0.40540099871577695
0.47798100058571436
0.26498199804336764
0.23675199918216094
0.3078139998251572
0.3673110004456248
0.2780299982987344
0.8549349986424204
1.171883999631973
0.6797360001655761
1.0537359994486906
1.3469020013872068
1.0449289984535426
0.9390880004502833
0.8749449989409186
0.2800959991873242
0.218142999074189
0.6428050000977237
1.0938049999822397
0.30141699971864
0.33902300128829665
0.39784100226825103
0.3076209977734834
0.24361399846384302
0.48298500041710213
0.28460300018195994
0.21685299725504592
0.22608899962506257
0.31936300001689233
0.2722950011957437
0.297184000373818
1.1423169999034144
0.901233001059154
0.8355619975191075
0.70708199928049
0.860746997204842
0.41767299990169704
0.26049200096167624
0.2826999989338219
0.34575199970277026
0.5529110021598171
0.5332879991328809
0.4195400033495389
0.7987700009834953
0.46285799908218905
0.34035000135190785
0.5435130005935207
0.30104699908406474
0.36205799915478565
0.45120399954612367
0.6223570017027669
0.2475059991411399
0.442153999756556
0.5119580018799752
0.5751789976784494
1003.9934320011525
1002.6664239994716
1002.4867100000847
1003.7696819999837
1002.9607959986606
1004.3713330014725
1003.7112909994903
1005.0189860012324
1004.5784839967382
1005.8468449969951
1005.1881629988202
1005.6343489995925
1006.7871149985876
1006.2500969979737
1007.5213909985905
1008.0195709997497
1007.1391029996448
1007.6797159999842
1008.9591989999462
1008.3428189973347
1009.5618329978606
1009.3839959990873
1010.1738960001967
1010.9113180005806
1010.1855090033496
1012.0104550005635
1010.7877439986623
1011.217975999898
1013.0310929998814
1011.8314609972003
1013.5067180017359
1012.501749999501
1014.361547997396
1013.2047449988022
1014.8984920015209
1013.8148369987903
1015.4566380006145
1014.3223620034405
1016.0601490024419
1015.3177380016132
1016.7930210009217
1015.9208980003314
1017.656698000792
1016.3885990004928
1018.6408930021571
1016.8529920010769
1019.2779509998218
1017.3434900025313
1019.7633790012333
1017.8640269987227
1020.2164510010334
1018.550825996499
1021.1018469999544
1019.5369720022427
1020.0237419994664
1022.5928249965364
1022.9325510008493
1023.2884249999188
1020.4786630019953
1023.6302400007844
1020.9449700014375
1024.0765859998646
1021.3214120012708
1024.46084300027
1021.7179419996683
1024.7977239996544
1022.0962040002632
1022.4735060000967
1022.6610739991884
1022.8638090011373
1023.2211690017721
1023.9244529984717
1024.2258830003266
1024.5196450014191
1024.8204470008204
1025.155839000945
1025.715780997416
1016.891172999749
1017.6621840000735
1022.8661149994878
1025.9066469989193
1026.3725250006246
