0.5960069975117221
0.594975001149578
0.6038119972799905
0.4904810011794325
0.8399300022574607
0.3841360012302175
0.895096000022022
0.7787719987391029
0.8189279978978448
0.5501259984157514
0.3923349977412727
0.5192819990043063
0.4205530021863524
0.9167149983113632
0.3960129979532212
0.32360799741582014
0.27558899819268845
0.3986789997725282
0.15485000039916486
0.4430610024428461
0.3661279988591559
0.3573829999368172
0.31468300221604295
0.4782719988725148
0.22864299899083562
0.44286800039117225
0.2210810016549658
0.3214979988115374
0.37090800105943345
0.24989599842228927
0.9519230006844737
1.1174050014233217
0.9150119985861238
0.9653400011302438
0.7098979986039922
0.8719370016478933
1.1130200000479817
0.6728540029143915
0.7483500012313016
0.25913699937518686
0.22621999960392714
0.2042480009549763
0.211851998756174
0.16852000044309534
0.3135599981760606
0.49997000314760953
0.7217259990284219
0.6287079995672684
0.4892679971817415
0.3215260003344156
0.21993599875713699
0.30903199876775034
0.1446089991077315
0.2758209993771743
0.3703179972944781
0.22372000239556655
0.41889700150932185
0.31156299883150496
0.3030660009244457
0.9693620013422333
0.9768780000740662
0.6915429985383525
1.0362030006945133
0.9704340009193402
0.7721239999227691
0.628079997113673
0.2963289989565965
0.3955370011681225
0.31546899845125154
0.3664290015876759
0.4525740005192347
0.3442030028963927
0.3854830029013101
0.2675399991858285
0.24220799969043583
0.3015729998878669
0.36448900209506974
0.21515600019483827
0.4855560000578407
0.2532639991841279
0.3100219983025454
0.2851130011549685
1.0444670006108936
1.0207939994870685
1.0202269986621104
0.7517520025430713
0.818955999420723
0.7139879999158438
1.031984000292141
1.4486690015473869
1.4676829996460583
0.42329999996582046
0.7567800021206494
0.321241001074668
0.3262450009060558
0.18223100050818175
0.21987999934935942
1.0869889993045945
0.3093529994657729
0.24275699979625642
0.4469800005608704
0.4092660019523464
0.9837590005190577
0.5612889981421176
0.6895459991937969
0.4714780006906949
0.7626549995620735
0.5412489990703762
0.4968590001226403
0.33637500018812716
0.32581699997535907
0.5743910005548969
0.2642800027388148
0.43894100235775113
0.308048001897987
0.6491009989986196
0.5114880004839506
0.5997779990138952
0.39440299951820634
0.17691500033834018
0.6326280017674435
1.2752990005537868
1.601265998033341
0.9887250016618054
0.8281930022349115
1.5696830014348961
0.41596699884394184
1.8760200000542682
0.5582250014413148
0.4300719992897939
1.4559660012309905
1.7879650004033465
0.14545299927704036
0.6467929997597821
0.45179500011727214
0.3364340009284206
0.602719999733381
0.3691100027936045
0.20380699788802303
1.0123780011781491
1017.6094689995807
1018.382673002634
1018.4163730009459
1019.4776640018972
1019.0227130005951
1019.4893869993393
1019.9078629993892
1020.2501070016297
1020.0729589996627
1020.42070799871
1.8355140018684324
1.1404389988456387
2.1584839996648952
0.8201529999496415
2.043943000899162
1.5333070004999172
0.9181940004054923
0.34755900196614675
0.7057729999360163
0.7745779985270929
0.8639089974167291
1.7617000012251083
1.882468000985682
1.48839599933126
1.3399720010056626
1.1407370002416428
0.7171870020101778
1.0576189997664187
0.2890979994845111
0.3327730009914376
0.1667830001679249
0.470219998533139
0.2663410014065448
0.3253490031056572
0.33191299735335633
0.3054529988730792
0.2968660010083113
0.24090099759632722
0.7858289973228239
0.7091940024110954
0.9420050009794068
1.6923229995882139
2.0714569982374087
2.231980997748906
2.711801000259584
2.0990340017306153
2.1297649982443545
2.0184480017633177
1.9887810012733098
2.3620129977643955
2.041511001152685
2.0626920013455674
1.9744850033021066
1.7350569978589192
2.2054180008126423
1.494765001552878
1.7015539997373708
0.505752999742981
1.093369002774125
1007.659553000849
1.0704769993026275
1.032250998832751
1.0983110005327035
0.7775609992677346
1.304109002376208
1.1198280008102302
1.025043999106856
1.0138500001630746
1.0595709973131306
0.8554730011383072
0.9998180030379444
0.6901039996591862
0.40606300171930343
0.6360799998219591
0.4699300006905105
0.7687360011914279
1.0743359998741653
1.2043470014759805
0.7304860009753611
0.6856170002720319
0.8707650013093371
0.6169080006657168
0.8560879978176672
0.5223349980951753
0.46704600026714616
0.39847800144343637
0.18655700114322826
2.3548030003439635
1.191179999295855
1.477264999266481
1.18515599751845
0.7817020014044829
0.4434830007085111
0.4189450010017026
0.5353359993023332
0.48177400094573386
0.540790002560243
0.346523000189336
0.25654099954408593
0.3667529999802355
0.3257019998272881
0.7447259995387867
0.427857998147374
0.33198399978573434
0.9537229998386465
0.737438997020945
0.7957180023367982
0.6726649990014266
0.7357539980148431
1.795948002836667
0.24601299810456112
1.0127770001417957
1.6538140007469337
0.7752640012768097
2.1338129990908783
2.0213579991832376
0.9732860016811173
0.7350380001298618
0.7028670006548055
0.49504300113767385
0.44753800102625974
4.671286998927826
4.935754001053283
3.8105659987195395
0.6878800013510045
0.5573249982262496
0.3881149968947284
0.34796399995684624
0.26265799897373654
4.779146001965273
4.632784999557771
5.004508999263635
4.928520997054875
4.568254000332672
4.538135999609949
4.042432999995071
4.0217620007751975
3.8040549989091232
3.490602000965737
3.778853999392595
3.441754000959918
3.3660849985608365
3.5176029996364377
3.3235640003113076
3.175039997586282
3.143412002827972
3.081730999838328
3.245428000809625
3.142041001410689
2.5203619989042636
3.0913599985069595
2.2594479996769223
2.468598002451472
3.0641310004284605
1.942982999025844
2.271134999318747
1.7694439993647393
1.7259970009035897
1.5014310010883491
8.03877900034422
1.0630399992805906
0.9909580003295559
1.2902239977847785
0.9589499968569726
1.1823099994217046
1.0564110016275663
0.8257420013251249
0.6723309998051263
1.301521999266697
0.44874400191474706
1.3052089998382144
0.3050190025533084
0.2480509974702727
0.1810590001696255
0.38526100252056494
0.26015799812739715
0.2126099971064832
0.9310019995609764
0.7638050010427833
0.7293580019904766
1.0450720001244918
0.6028129973856267
0.838055999338394
0.7792739997967146
0.7100840011844411
0.2638730002217926
0.3299269992567133
0.46258700240287
0.3777170022658538
0.386716998036718
0.3871650005748961
0.2815849984472152
0.27199299802305177
0.4079249993083067
0.48640999739291146
0.549683998542605
0.5788189992017578
0.8853440012899227
0.8305250012199394
0.3591599997889716
0.8694680000189692
4.700926998339128
1.3569170005212072
1.5850509989832062
0.3884719990310259
0.7468629992217757
0.22677500237477943
0.2424849990347866
0.4958279969287105
0.14307600213214755
0.3303970006527379
0.4023669971502386
0.5302169993228745
0.41658299960545264
0.4326899979787413
0.6330450014502276
0.7030989982013125
0.31403100001625717
0.3860240030917339
1015.4489050000848
1015.1831039984245
1015.6273339998734
1015.9096579991456
1015.4792899993481
1017.1168449996912
1016.7571689999022
1019.4767339999089
1017.3467560016434
1020.1522839997779
1021.4148099985323
1021.836356001586
1020.9636719991977
1022.7886000029685
1022.6345699993544
1023.4351939980115
1023.3675050003512
1025.735942999745
1026.6665700000885
1024.3289739992179
1024.8742759977176
1025.3774080010771
1026.0909800017544
1026.544444001047
1027.4990319994686
1028.371768999932
1024.4506840026588
1024.8881580009765
1025.2819400011504
1025.6571719983185
1026.1150459991768
1026.944581000862
1027.4817850004183
1027.8660520016274
1028.2947100022284
1028.701667997666
1029.19193499838
1029.5639270007086
1029.9543239998457
1030.5176580004627
3034.147476999351
0.8864989977155346
1.0466890016687103
0.684239999827696
0.9946509999281261
1.237047999893548
0.6840930000180379
1.3061440004094038
0.45614900227519684
0.24566900174249895
0.6561730006069411
0.21975500203552656
0.22453299970948137
0.7074319983075839
0.6905609989189543
0.7115810003597289
0.6467349994636606
0.3962399969168473
0.5932839994784445
0.41116300053545274
0.2668329980224371
0.28576000113389455
0.3445509973971639
0.3298419978818856
0.43994199950248003
0.45469900214811787
0.4636100020434242
0.28540000130306
0.5720869994547684
0.3734739984793123
0.439903000369668
0.4202960008115042
0.40177600021706894
0.6485689991677646
1.3557380007114261
0.549676002265187
0.4221519993734546
1.9714139998541214
0.4223280011501629
0.2595779988041613
0.5740519991377369
0.7027909996395465
0.16938999760895967
0.5089870028314181
0.4377980003482662
0.7043469995551277
0.9045449987752363
0.8084289984253701
0.8148109991452657
0.692478999553714
0.2730089981923811
0.3403959999559447
0.2680690013221465
0.698155999998562
0.9232150005118456
0.8363960005226545
0.727597998775309
0.712069002474891
0.542246998520568
0.43048199950135313
0.2371340015088208
0.3476770034467336
0.2921449995483272
0.3883500030497089
0.3776140001718886
0.2222519979113713
0.3166739988955669
0.4844489994866308
0.3343360003782436
0.3616399990278296
0.3119350003544241
0.1915440006996505
0.1986659990507178
0.2711590022954624
0.15502399764955044
0.9639109994168393
0.8354310011782218
0.9802409986150451
0.8718220014998224
0.7997009997779969
1.064693002263084
0.818078999145655
0.8049900025071111
0.77216300269356
0.5175810001674108
0.4263870032445993
0.323334003041964
0.520093999512028
0.4415850016812328
0.35072800164925866
0.4964159998053219
0.2910470029746648
0.28970299899810925
0.4098330027773045
0.3356399975018576
0.32747200020821765
0.511322999955155
1.7446479978389107
1.582388998940587
1.6788840002845973
2.6892419991781935
0.37937500019324943
1.3109159990563057
1.3254849982331507
0.4515999971772544
1.3647509986185469
0.33095300022978336
0.5391779995989054
0.5786059991805814
0.35581700285547413
0.2847989999281708
0.1745770023262594
0.33982700188062154
0.4645610024454072
0.2755530003923923
0.38175200097612105
0.23468200015486218
0.44360999891068786
0.37298499955795705
0.2645919994392898
0.3030080006283242
0.30214900107239373
0.2848920012183953
1.7237659994862042
0.6323529996734578
0.5854369992448483
0.4737679992103949
0.7702330003667157
0.5515640004887246
0.4239490008330904
0.5996360014250968
0.5375789987738244
0.7688619989494327
0.509679000970209
0.35235099858255126
0.7374109991360456
0.6368959984683897
0.4002370005764533
0.5602500023087487
0.4440060001797974
0.5665839998982847
0.32074499904410914
0.5403329996624961
1010.7683490023192
1010.2621919977537
1010.7138099992881
1010.9953439969104
1012.5541159977729
1011.5039779993822
1013.5523790013394
1013.5285729993484
0.6465180013037752
9.551802999339998
9.328996999101946
9.031239998876117
7.613134999701288
6.597219002287602
6.486172002041712
5.53673499962315
6.1924580004415475
9.077134000108344
5.225744000199484
5.097639001178322
8.112641000479925
9.912058998452267
6.942071999219479
6.640398998570163
5.205176999879768
6.5002849987649824
3.0646809973404743
8.25643999996828
8.857883996824967
9.613171001547016
5.3694980015279725
6.496616999356775
3.2922630016400944
3.2333880008081906
5.594066002231557
5.348497001250507
1.572733002831228
6.75469000270823
0.9586080013832543
0.5437729996629059
0.7591109970235266
0.5751950011472218
0.46537200250895694
0.3464340006757993
0.3520989994285628
0.20918299924232997
0.4061420004290994
0.2644019987201318
0.4579050000756979
0.3324110002722591
0.3321630028949585
0.3881410011672415
1.2406390014803037
1.2425620006979443
1.267740000912454
1.2396479978633579
1.1961890013481025
1.198841000586981
0.30552899988833815
0.20577699979185127
0.5512089992407709
0.2457959999446757
0.5663379997713491
0.6218820017238613
0.4610269970726222
0.6694169969705399
0.9197039980790578
0.4058070007886272
0.7310080000024755
0.2876049984479323
0.3402350012038369
0.2962849976029247
0.261606001004111
0.17085999934352003
0.27675800083670765
0.2694350005185697
0.2873799967346713
0.28954300069017336
0.24304299950017594
0.2314710000064224
0.7996710010047536
0.39352199746645056
1.2121280014980584
1.4123879991529975
2.0041690004291013
0.9942359974957071
0.6333609999273904
1.0643299974617548
0.8283810020657256
0.6103170017013326
1.3370810011110734
1.0281559989380185
0.9929260013450403
0.910921000468079
0.7382229996437673
0.8964109983935487
0.325517998135183
0.9687950005172752
0.8666619978612289
0.6626149988733232
0.8444929990218952
0.7004489998507779
0.4075409997312818
0.47022299986565486
0.9699760012154002
0.873018001584569
0.8050910000747535
0.4165149985055905
0.3925709970644675
0.35794100040220656
0.2252769991173409
0.470029997813981
0.5396199994720519
0.34263599809492007
0.9511289972579107
0.8680059981998056
0.9298859986301977
0.6717930009472184
0.896582001587376
0.28804999965359457
0.29622900183312595
0.3724810012499802
0.2723539982980583
0.3074570013268385
0.3352029998495709
0.3387850010767579
0.3991590019722935
0.41489500290481374
0.3340960029163398
0.3388309996807948
0.2356570003030356
0.318117999995593
0.3256639975006692
0.29152400020393543
0.4434469992702361
0.25692199778859504
1.1567569999897387
0.9673950007709209
1.100850997318048
1.0872569982893765
1.0392249969299883
0.8583119997638278
1.0701799983507954
0.8180219992937054
0.9583779974491335
0.8791139989625663
1008.1089180021081
1007.6890349992027
1008.1470209988765
1007.8279539993673
1008.2848210004158
1008.8424159985152
1008.982373001345
1009.8027040003217
1010.127547000593
1010.3213420006796
1011.2293929996667
1010.8950549984002
0.5502610001713037
0.8084600012807641
0.4518220011959784
3.114359002211131
3.3586370009288657
3.05862899767817
2.677819000382442
1.799499998014653
2.2098650006228127
3.1077310013643
1.7239540029549971
2.739818999543786
1.0430540023662616
1.5801500012457836
1.1302220009383745
1.8089410004904494
1.2023609997413587
0.5494439974427223
1.1605059989960864
0.4416049996507354
0.2305289999640081
0.3338209971843753
1.01955000354792
0.9021709993248805
0.9592940004949924
1.0045009985333309
0.8626239978184458
0.7011359994066879
0.9732519974932075
0.6853569975646678
0.7258030018419959
0.6698910001432523
0.3355029984959401
0.29839699709555134
4.114547999051865
3.3284879973507486
2.6455470033397432
1.4055249994271435
1.1433520012360532
1.679240998782916
1.1710510007105768
0.7958620008139405
1.2153400020906702
1.9866990005539265
1.2468940003600437
0.429261002864223
0.812509999377653
0.241706999076996
0.6202020013006404
1005.2357120002853
1.1631130000751
1.8216630014649127
1.3057549986115191
1.3717250003537629
8.52754999868921
8.051753000472672
6.4383190001535695
7.789090999722248
3.7431000018841587
5.142940000951057
7.202125001640525
8.543829997506691
2.5468580024607945
2.759805000096094
2.516193999326788
5.090169001050526
3.3043090006685816
1.853495999966981
1.6980440013867337
6.574433002242586
4.4585449977603275
5.1194509978813585
4.046122001454933
2.811303002090426
3.1141680010478012
2.8093139990232885
2.6760469991131686
2.1609809991787188
4.67893300083233
0.4101510021428112
1.4840370022284333
1.3732160005019978
1.3845100002072286
1.1426010023569688
1.1017209981218912
0.6763670025975443
1.6065350027929526
1.578612998855533
1.1865579981531482
1.133452999056317
0.41388200043002144
1.0646100017766003
0.3147899988107383
0.4092519993719179
0.29975899815326557
0.26024500039056875
0.2506909986550454
0.4487160003918689
0.3616400026658084
0.4881189997831825
0.23614000019733794
0.38235399915720336
0.1635650005482603
0.24093599859043024
0.29731500035268255
0.211315000342438
0.14900599853717722
0.4436900017026346
0.21858000036445446
0.4716990006272681
0.4114929979550652
0.38424599915742874
0.403335001465166
0.2594580000732094
0.3335129986226093
0.7619339994562324
0.5204230001254473
0.4187720005575102
0.6022859997756314
0.9645469981478527
0.6726449973939452
0.9293949988204986
0.7377759975497611
0.6041989981895313
0.8173229980457108
0.6758010022167582
0.440862997493241
0.32928700238699093
0.2946780005004257
0.25246500081266277
0.2692039997782558
0.19283800065750256
1.2719309997919481
0.24918399867601693
0.27667099857353605
1.4946960000088438
0.350033998984145
1.2620159977814183
1.319070997851668
0.5573490016104188
0.33003099815687165
0.3468979994067922
0.25833399922703393
0.2932349998445716
0.4386890032037627
0.387132000469137
0.26414500098326243
0.5272230009722989
0.5849970002600458
0.31244199999491684
0.2864499983843416
0.4550320009002462
0.3401299982215278
0.3383330003998708
3.487090001726756
3.345524997712346
3.647692999948049
2.935237000201596
3.145941002003383
3.566660001524724
3.4478410016163252
3.9501530009147245
2.819747998728417
3.1703579988970887
3.1127859983826056
2.908286998717813
2.8297179997025523
2.855730999726802
3.689867000503
2.5194170011673123
2.8487370000220835
2.7435720003268216
2.411174998997012
2.6601000026857946
2.4486350012011826
2.2546660002262797
2.1186300000408664
1.8954490005853586
3.079514001001371
3.983090999099659
3.093015002377797
2.946141001302749
2.406409999821335
2.5922029999492224
2.37163899873849
2.4229070004366804
1.9807919998129364
2.810514000884723
2.119368000421673
1.7045780004991684
2.69120599841699
2.262325997435255
1.773530999344075
2.223879000666784
2.307737999217352
3.200158000254305
1.5152460000535939
1.8290309999429155
3.5648509983730037
2.1679160017811228
0.2483159987605177
0.5784790009784047
0.5736089988204185
0.8076619997154921
0.3164609988743905
0.40683100087335333
1003.3495130010124
1001.5553919984086
1001.5752089966554
1002.0143879992247
1002.34583099882
1002.9234440007713
1003.0069140011619
1003.4224949995405
1003.7708669988206
1004.0659660007805
1004.377197001304
1004.7238360020856
1005.0268949999008
1005.3297160011425
1005.6387110016658
1005.935485001828
1006.3492129993392
1007.2562920031487
1007.0285330002662
1008.1029350003519
1007.7512899988506
1008.743868998863
1008.3377230002952
1009.5274429986603
1008.9824679998856
1010.1804799996899
1009.9025630006508
1010.4304750020674
1010.9601019976253
1011.0214550004457
1011.5365290002956
1011.5902520010422
1013.7944569978572
1012.2670009986905
1014.4667480017233
1014.524211997923
1015.2452850015834
1015.2298719985993
1013.4110580002016
1014.1143269975146
1014.7015880029358
1016.0584619989095
1031.9044050011144
1032.251721000648
0.44868499753647484
0.34547600080259144
0.512696999066975
0.32432700027129613
0.4838129971176386
0.21408799875644036
0.17151400243164971
0.31681499967817217
0.282697998045478
0.22771899966755882
0.29159100085962564
0.35255100010544993
0.29617399923154153
0.22479399922303855
0.2270439981657546
0.25670900140539743
0.26311600231565535
0.2881420004996471
0.2590340009192005
0.2859089981939178
0.29829199775122106
0.2393529975961428
0.18197399913333356
0.45866599975852296
0.3890919979312457
0.34539300031610765
1.1379819989087991
1.0301280017301906
2.0637689995055553
1.9236690022808034
1.990385997487465
2.7661559979605954
1.729575997160282
1.713334997475613
2.460438998241443
2.6717440014181193
0.45045799924992025
0.25809500220930204
3.706446001160657
1.155259000370279
0.8566540018364321
0.7502230000682175
0.7687929974053986
0.6314839993137866
0.6982350023463368
0.7285639985639136
0.47385799916810356
0.4606059992511291
0.39618400114704855
0.21102900063851848
0.7549309993919451
1.0319339999114163
0.7187810006143991
0.533933998667635
0.6623209992540069
0.8371969997824635
0.658578999718884
0.4186870028206613
0.40869999793358147
0.43688299774657935
0.380236997443717
0.3303600024082698
0.4006470007880125
0.34122299985028803
0.3720189997693524
0.30549499933840707
0.3003550009452738
0.3581769997254014
0.4707379994215444
0.3161919994454365
0.4550949997792486
1.0131009985343553
0.8118900004774332
0.6683790015813429
1.010703999781981
0.6832760009274352
0.9681139999884181
0.6643920023634564
0.6090550014050677
0.35740599923883565
0.24580299941590056
0.33497500044177286
0.31243800185620785
0.23136700110626407
0.3808860019489657
0.4771549974975642
0.7822959996701684
0.9359910000057425
1.4094840007601306
1.554740003484767
0.999691998003982
1.4443149993894622
1.0983459978888277
1.8540749988460448
0.9157169988611713
2.5381600025866646
1.1176920015714131
1.790922000509454
0.6751269975211471
4.254987998137949
0.3614429988374468
0.49710999883245677
0.356017000740394
0.22452999837696552
0.36892000207444653
0.4045329988002777
0.4094870018889196
0.313043001369806
0.2835259983839933
0.33031099883373827
0.29652699959115125
0.3663259994937107
0.3240629994252231
0.3036400012206286
0.3376790009497199
0.2815199986798689
0.6173380024847575
0.5646290010190569
0.5308180006977636
0.39172099786810577
0.2604969995445572
0.11636499766609631
0.23701100144535303
0.20777700046892278
0.19388099826755933
0.6304179987637326
2.4783919980109204
1.439396000932902
1.3535510006477125
1.2381340020510834
1.0244020013487898
0.6459329997596797
0.3442999986873474
1013.0783780005004
1012.6544630002172
1013.6984620003204
1014.5789039997908
1013.4756590014149
1013.9216600000509
1014.4281829998363
1018.0466870006057
1018.5846150016005
1018.9739179986645
1014.8602839981322
1015.2311700003338
1018.5635150010057
1019.0030920020945
1019.3047059983655
1019.6841850010969
1020.1165180005773
0.9431309990759473
0.7470169985026587
0.8048290001170244
1.8333350017201155
2.42951499967603
2.385553998465184
1.6618250010651536
1.3882040002499707
2.3055389974615537
1.5114080015337095
1.317045000178041
1.2571500010380987
0.5588549975072965
1.2600020017998759
1.0152920003747568
1.4320190020953305
1.2377179991744924
0.7519909995608032
1.0526459991524462
0.8349749987246469
0.4254199993738439
0.5414539991761558
2.669165998668177
3.7390319994301535
3.922098003386054
3.0645120023109484
3.3695029997034
2.8372310007398482
3.748580998944817
2.7305719995638356
2.347240999370115
2.582264001830481
2.2477370002889074
0.46358100007637404
4.227186000207439
0.34789500205079094
0.2326139983779285
0.41388399768038653
0.3177190010319464
0.42991500231437385
0.23592499928781763
0.4244390001986176
0.8353029988938943
0.7484960005967878
0.5472499979077838
0.7340310003201012
0.6190510030137375
0.805914998636581
0.6842210023023654
0.1633020001463592
2.2048809987609275
1.923118998092832
1.8557610019342974
1.796832999389153
1.811780999560142
2.0173269986116793
1.6062710019468796
1.9661800033645704
1.449236999178538
1.6072559992608149
2.054469998256536
3.089436999289319
1.8853969995689113
1.603625998541247
3.237950000766432
1.4810989996476565
1.7163470001833048
1.4528749998135027
0.5827249988215044
0.3158530016662553
0.4566329989756923
0.39695200030109845
0.3749550014617853
0.26857899865717627
0.21666500106221065
0.30745199910597876
0.27703999876393937
0.258446998486761
1.4431270028580911
1.1959889998252038
1.0648049974406604
1.5599799990013707
1.6371370002161711
1.4792740003031213
1.0273549996782094
1.1807970004156232
1.1424110016378108
0.826081999548478
1.041060000716243
1.0837129993888084
0.7762639979773667
0.4305180009396281
0.4070329996466171
0.3737740007636603
0.34599500213516876
0.48188100117840804
0.342182996973861
0.559935000637779
0.5290680019243155
0.6945429995539598
1.5610989976266865
1.5189169971563388
1.570606000314001
0.5876830000488553
1.4853990032861475
0.5930449988227338
1.5239610002026893
0.34135499663534574
0.2491349987394642
0.3261700003349688
0.22992799858911894
0.20607999977073632
0.4179719981038943
0.3410799981793389
0.284944999293657
0.9621490025892854
0.9550540016789455
0.9095890018215869
0.971239001955837
0.5679460009559989
0.9452249978494365
0.3572089990484528
0.3275950002716854
0.39756000114721246
0.3970280013163574
0.34523900103522465
0.7046120008453727
1014.0333199997258
1012.8560220000509
1013.2148100019549
1012.9546399984974
1013.4208640010911
1014.1311500010488
1015.0627349976276
1015.491447000386
1014.3490759983251
1016.1019139995915
1016.1300869986007
1016.6108979974524
1016.9064369983971
1017.3621169997205
1017.4024200023268
1017.9202539984544
1018.0205780015967
1018.7145620002411
1018.6711729984381
1019.3444629985606
1019.6288129991444
1019.9698420001369
1019.6437400009017
0.6605080016015563
1.0530520012252964
3.827975000604056
11.626032999629388
10.687879999750294
10.551029998168815
9.714015999634285
11.354075999406632
10.136873999726959
8.87641299777897
8.758832998864818
8.411669001361588
8.285744002932915
8.266161999927135
8.156025996868266
7.681273000343936
8.065071000601165
7.435956998961046
6.979028999921866
7.465681999747176
8.106416000373429
6.662423998932354
6.178493997140322
6.942529002117226
7.2521590009273496
6.058263999875635
6.801332998293219
6.472462999226991
7.106838998879539
5.859375
6.328863000817364
6.091881998145254
5.982201000733767
5.887043000257108
6.946794997929828
4.270525001629721
5.909909999900265
5.44380000064848
5.457474999275291
6.915738998941379
4.393841001729015
6.5302939983666874
4.233968000335153
4.582685000059428
5.861560999619542
4.3087289996037725
4.050068000651663
4.276461000699783
3.9540700017823838
8.184009999240516
0.3705569979501888
1.0178389966313262
0.29941800312371925
1.0845729993889108
0.2484279975760728
1.570985001308145
0.2781309995043557
0.3249789988331031
0.4515789987635799
0.47123399781412445
0.4164340025454294
0.5325979982444551
0.3393459992366843
0.9529109993309248
1.419079999323003
1.165819001471391
0.4464650010049809
0.612859999819193
2.291867000167258
0.8718729986867402
1.27246200281661
2.2152019992063288
1.6673659993102774
0.3155800004606135
0.4372299990791362
0.567027000215603
0.5580870019912254
0.2416139977867715
0.560507000045618
0.2847970026778057
0.22463400091510266
0.2695940020203125
0.6806060009694193
0.8464620004815515
0.9131199985858984
1.3059010016149841
0.5970830025034957
0.7307289997697808
1.0182719997828826
0.4635939985746518
0.251468998612836
0.28738900073221885
0.5963309995422605
0.40219600123236887
0.1740360021358356
0.47046399777173065
0.34436199712217785
0.5194559998926707
0.6416470023395959
0.22818200159235857
0.20307600061642006
0.17452500105719082
0.3493670010357164
0.3846600011456758
0.30817699735052884
0.40465300116920844
0.45639499876415357
0.3142770001431927
0.36459499824559316
0.2679250028450042
0.2585789989097975
0.26052099929074757
0.2600090010673739
0.2665940010047052
0.2748379993136041
0.20496599972830154
0.4473160006455146
0.47007899775053374
0.47193299906211905
0.4205610021017492
0.17824699898483232
0.777347002440365
0.9977109984902199
0.3937719993700739
0.35588199898484163
1007.1641100003035
1005.41602100202
1005.3454570006579
1005.8417410000402
1008.0145969986916
1006.3191489971359
1008.7061029989854
1009.022461999848
1007.0573799966951
1009.6456569990551
1009.5231999985117
1010.5419649989926
1010.1136429984763
1011.1367390018131
1010.6980490018032
1012.118503000238
1011.3941199997498
1012.7774360007606
1011.9955459995253
1013.3275250009319
1012.626742998691
1012.9000679989986
1013.3320450004248
1013.7478610013204
1014.2354939998768
0.811401001556078
0.6184789999679197
0.48065900045912713
0.7151850004447624
0.398994998249691
0.7065150020935107
0.5918780007050373
0.49238499923376366
0.642790000711102
0.5587039995589294
0.3762359992833808
1.77776100099436
1.9808550023299176
1.513456998509355
1.9688459979079198
1.5823759968043305
2.012717999605229
1.5608189969498198
1.4266729995142668
1.383200000418583
2.0669629993790295
1.3517309998860583
1.2014580024697352
1.4670230011688545
1.0831450017576572
0.9086659993045032
0.73510400034138
0.7190100004663691
0.3293330009910278
0.3143280009680893
0.2694730028451886
0.36385899875313044
0.2437840012134984
0.3029709987458773
0.302865999401547
1.0735719988588244
0.9554059979564045
1.0137730023416225
1.9166860001860186
2.5185800004692283
2.1696370022254996
1.8347170007473323
2.5304720002168324
2.713502999540651
3.6231630001566373
0.38430299900937825
0.7610100001329556
0.5888500018045306
0.7716760010225698
0.8861349997459911
0.397656000131974
0.4608939998433925
0.4554270017251838
0.4247539982316084
0.5899719981243834
0.36758299756911583
0.5145939976500813
0.5051650005043484
0.42650899922591634
1.100738998502493
1.456860001781024
1.3749199970334303
1.234901003044797
0.8651040006952826
1.3542879969463684
0.7938919989101123
0.8597859996370971
1.5477419983653817
1.2525899983302224
0.6398539990186691
0.5045899997639935
0.17200699949171394
0.8540350027033128
0.7621980003023054
0.693737998517463
0.6775139991077594
0.6599160005862359
0.6491670028481167
0.6502340002043638
0.6618639999942388
0.2071090020763222
0.3179499981342815
0.45175900231697597
0.18036500114249066
0.5933899992669467
0.3012310007761698
0.770562000980135
0.3827539985650219
0.3754839999601245
0.2609709990792908
0.4871220007771626
0.32539300082135014
0.5722930000047199
0.41872300062095746
0.8810360013740137
0.7619839998369571
0.6982010017964058
0.7665180019102991
0.6696290001855232
0.7182989975262899
0.8452750007563736
0.7999480003491044
0.781091999670025
0.7399429996439721
0.9285270025429782
0.5129189994477201
0.5111309983476531
0.42616499922587536
0.2232449987786822
0.2176080015487969
0.3165720008837525
0.18654399900697172
0.35044000105699524
0.23380799757433124
0.24228499751188792
0.24723299793549813
0.31361699802801013
0.2339730017411057
1010.3474860006827
1010.8659529978468
1011.4565680014493
1012.5351569986378
1011.7873790004523
1013.0503260006662
1012.3856370009889
1014.7564260005311
1015.4528779967222
1013.2345990023168
1016.7884760012385
1013.8614120005514
1014.9158050007827
1015.3950769999938
1015.8202290003828
1016.3786660014011
1016.8911319997278
1017.3517809998884
1017.8897829973721
1018.3337179987575
1015.11286999812
1015.7149739970919
1016.5086890010571
1016.9392169991625
1017.3211910005193
1017.8072749986313
1018.2120169993141
1018.7960170005681
1019.4994560006307
1019.9750829997356
1020.3595090024464
1020.6479979970027
0.4709639979409985
0.7094280008459464
0.5247500012046658
2.629542999784462
1.8647340002644341
1.7550260017742403
1.7361999998684041
1.7340999984298833
1.6072770013124682
1.185000997793395
1.9690939989231993
1.5039319987408817
1.6859360002854373
1.3401979995251168
1.22167600056855
1.0977090023516212
0.7948109996505082
0.5550750029215124
0.34820500150090083
6.054629000573186
6.135629002528731
5.969833000563085
5.925806999584893
5.831050999404397
5.521044000488473
5.353189000743441
5.447764000564348
5.298111002048245
4.959842000971548
4.632775002392009
4.615113997715525
4.500918999838177
5.083786996692652
5.719796998164384
4.310798001824878
4.244874999130843
5.853652000951115
4.223900999932084
7.452104000549298
7.222323001769837
3.4437260001141112
3.916967001714511
5.303278001520084
4.388204997667344
4.040047999296803
3.5503260005498305
3.381021997483913
3.732417997525772
4.97641800029669
5.741132001276128
