0.5359360002330504
0.5150279976078309
0.4193579989077989
0.4766989986819681
0.5561120015045162
0.41036499897018075
0.2562520021456294
0.2218589979747776
0.2631129973451607
0.621211998804938
0.4682649996539112
0.40444899786962196
0.4168899977230467
0.36890200135530904
0.375537001673365
0.31408500217366964
0.3992570018453989
0.6478780014731456
0.6570429977728054
0.5385039985412732
0.3603469995141495
0.3619460003392305
0.30096200134721585
0.5982980001135729
0.4902059990854468
0.7128769975679461
0.4320379994169343
0.2931140006694477
0.2995120012201369
0.5645900018862449
0.399641998228617
0.39693800135864876
0.4126720014028251
0.4215909975755494
0.37782300205435604
0.38382300044759177
0.5638769980578218
0.43961999836028554
1.3880840015190188
0.28485000075306743
0.44721399899572134
0.5660290007654112
0.36145599733572453
0.4274989987607114
0.3485199995338917
0.2814170002238825
0.1980619999812916
0.2426350001769606
0.2490010010660626
0.16527600018889643
0.4083759995410219
0.3950469981646165
0.3607059989008121
0.24935399778769352
0.242351001361385
0.3390019992366433
0.48079499902087264
0.6205300014698878
0.5847549982718192
0.6147060012153815
0.2610119991004467
0.5557980002777185
0.451648000307614
0.3984700015280396
0.19308500122861005
0.5404170005931519
0.2815510015352629
0.24484899768140167
0.15274899851647206
0.2550270000938326
0.26248599897371605
0.18771100076264702
0.42579199725878425
1.1494169993966352
0.9579979996487964
0.9508670009381603
0.9232939992216416
0.8455919996777084
0.8340370004589204
0.7433200007653795
0.28696399749605916
0.37642499955836684
0.37750299816252664
0.5754439989686944
0.4485099998419173
0.3987700001744088
0.879120001627598
0.34225700073875487
0.4739799987873994
0.39961000220500864
0.3187059992342256
0.2624580010888167
0.44084600085625425
0.34553300065454096
0.21644899970851839
0.25746900064405054
0.2111350004270207
0.40223800169769675
0.2590080002846662
0.19341499864822254
0.6063929977244698
0.3888520004693419
0.39141700108302757
0.29183600054238923
0.368105000234209
0.5183499997656327
0.6063630025892053
0.4400449979584664
0.5275330004224088
0.4483679986151401
0.479713999084197
0.7320330005313735
0.5864220001967624
0.4932410010951571
0.29384599838522263
0.330019996908959
0.46875400221324526
0.3803709987550974
0.23163199875853024
0.17407799896318465
0.2811399972415529
0.3786249981203582
0.2925469998444896
0.26690300001064315
0.7997079992492218
0.6511799983854871
0.6412229995476082
0.6225449978956021
0.5387929995777085
0.5439089982246514
0.22458099920186214
0.31105599919101223
0.2007650000450667
0.25874999846564606
0.7546340020780917
1.0556080014794134
0.3215470023860689
1.4446159984800033
0.5353070009732619
0.5077540008642245
0.1515119984105695
0.22081800125306472
0.3417590014578309
0.3276249990449287
0.2840859997377265
0.28073700013919733
1026.359039999079
1027.1589200019662
1027.550691000215
1027.8577739991306
0.8479969983454794
0.8275649997813161
1.5622319988324307
0.9159830005955882
7.744540002022404
7.073117001709761
7.069265997415641
7.544126001448603
6.78601300023729
6.574585997441318
0.34454200067557395
0.29155099764466286
0.20446000053198077
0.32103899866342545
0.3488789989205543
0.38855200182297267
0.386941999749979
0.7202950000646524
0.5944789991190191
0.5193199976929463
0.26379099654150195
0.24576099895057268
0.2577279992692638
0.5747089999204036
0.561116001335904
0.5871699977433309
0.49240100270253606
0.5905060024815612
0.30313599927467294
0.18367899974691682
0.2697039999475237
0.33701899883453734
0.2989050008181948
0.23276399952010252
0.1814660026866477
0.29205700047896244
0.30021699785720557
0.2365280015510507
0.18235899915453047
0.17406500046490692
0.31321200003731064
0.3847230000246782
0.47785300193936564
0.41723799949977547
0.30982200041762553
0.3680730005726218
0.38709900036337785
0.24062800002866425
0.2487659985490609
0.1991989993257448
0.24970099912025034
0.15521800014539622
0.45543599844677374
0.34726300145848654
0.6735629976901691
0.6333959972835146
0.36262899811845273
0.44210199848748744
0.7561189995612949
0.1343770018138457
0.5572050031332765
0.3647939993243199
0.5480969994096085
1.1999249982181937
0.8121680002659559
1.334395998128457
1.2796130031347275
0.8525850025762338
0.3221059996576514
0.4540660011116415
0.3058459988096729
0.5278120006551035
0.3161040003760718
0.2630439994391054
0.18552199981058948
0.23299399981624447
0.29563299904111773
0.19977500051027164
0.41855699964798987
0.21393599672592245
0.3906640013155993
0.4061500003444962
0.3869480024150107
0.36126399936620146
0.27099999715574086
0.3753560013137758
0.371458001609426
0.22886000078869984
0.24215300072683021
0.17335300071863458
0.43028399886679836
0.33228000029339455
0.39289000051212497
0.3297789990028832
0.2806390002660919
0.30352699832292274
0.2992070003529079
0.19421500110183842
0.23930500174174085
0.9256509983970318
0.21244600065983832
0.5983939990983345
0.4974750008841511
0.7760640000924468
0.3182869986630976
0.2503499999875203
0.7113379979273304
0.24266600303235464
0.2148059975297656
0.18782499682856724
0.38123299964354374
0.2716649978538044
0.939556000957964
0.8259129972429946
1.5564799978164956
0.3837889998976607
0.747304002288729
0.7766339986119419
0.20644299729610793
0.20186000256217085
0.2920829974755179
0.36860200270893984
0.3530969988787547
0.2654880008776672
0.5767990005551837
0.395251001464203
0.5494310025824234
0.4623890017683152
0.43891099994652905
0.21430999913718551
0.5065010009275284
0.4761730015161447
0.7039299998723436
0.5308909967425279
0.30741299997316673
0.5843420003657229
0.25840500165941194
0.20825600222451612
0.1449109986424446
0.521925998327788
0.29780499971820973
0.3382700015208684
0.336228000378469
0.4154599992034491
0.26682600218919106
1004.3763079993369
1004.6035679988563
1004.8227599982056
1005.2470810005616
1008.237559999543
0.7092820014804602
1.1344639970047865
0.4477049988054205
1.2865539974882267
0.7200159998319577
0.548002000869019
0.599515999056166
0.4748920000565704
0.28104500233894214
0.7205520014395006
1.183436997962417
1.609086997632403
1.1828830029116943
1.5590630027872976
1.150067000708077
0.7657339992874768
1.2141110019001644
1.4084969989198726
2.559659998951247
2.304681001987774
