0.5183539979043417
0.297752001642948
0.8537739995517768
0.868791998072993
0.2878739978768863
0.6148840002424549
0.4021599997940939
4.3317570016370155
4.295670998544665
5.070503000752069
6.388042998878518
0.2585989968793001
0.48338499982492067
0.28512599965324625
0.17357999968226068
0.27949500145041384
0.25310300043202005
0.23518799935118295
0.24956400011433288
0.3202580010110978
0.2161979973607231
0.2662050028447993
0.16684300135239027
0.254406997555634
1.696971998171648
0.7668619982723612
0.36936499964213
0.4633629978343379
0.40899899977375753
0.40620100116939284
0.4755079971801024
0.42526499964878894
0.2874269994208589
0.311823001538869
0.2560659995651804
0.39763099994161166
0.2438930023345165
0.24568099979660474
0.22781100051361136
0.3225129985366948
0.2933079995273147
0.6418810007744469
0.968499000009615
1.2038360000588
0.8659459999762475
0.8440979981969576
0.6875699982629158
0.44614200305659324
0.3346859994053375
0.15861200154176913
0.31069000033312477
0.2717950010264758
0.306945999909658
0.28364099853206426
0.25082199863390997
0.18500499936635606
0.15496099877054803
0.14697599908686243
0.8547729994461406
0.7788059992890339
0.9434389976377133
0.848923999001272
0.7635399997525383
0.6011379991832655
0.9103109987336211
0.2942569990409538
0.6086560024414212
0.3332409978611395
0.23969800167833455
0.30848100141156465
0.2932210009021219
0.4832109989365563
0.20613399829016998
0.2886709989979863
0.3248149987484794
0.32706300044083036
0.2722179997363128
0.270373002422275
1.1855470002046786
0.8535900014976505
1.0892450009123422
1.301175001572119
0.7477270009985659
0.7541369996033609
1.114309998229146
1.270748001843458
0.7041190001473296
0.16195500211324543
0.41360899922437966
0.7829679998394568
0.1397199994244147
0.33432899726904
0.2844720002030954
0.31553200096823275
0.3217699995730072
0.4768840008182451
0.9586699998180848
0.6643560009251814
0.5799669997941237
0.732284999685362
0.3489339978841599
0.5696210027963389
0.4514440006460063
0.46625200047856197
0.4180040014034603
0.2726140010054223
0.46668300274177454
0.9696619999886025
0.24724099785089493
0.5990040008327924
0.3656660010165069
0.25810100123635493
0.19070600319537334
0.31020100141176954
0.35086199932266027
0.3127050003968179
0.23969399990164675
0.6653970012848731
0.271715998678701
0.2914200013037771
0.6205480021890253
0.9363739991385955
0.9181030000036117
0.738955000997521
0.5740359993069433
0.7806000030541327
0.633988998743007
0.35106600262224674
0.21180900148465298
0.5071170016890392
0.4468340011953842
0.29707000066991895
0.3446500013524201
0.7241179991979152
0.35013399974559434
0.22979500135988928
0.3313269990030676
0.36742500014952384
0.28226500216987915
0.26033600079244934
0.3091199978371151
0.3329290011606645
0.59036200036644
0.5203629989409819
1012.2445380002318
1012.3651270005212
1012.2133619988745
1012.8814169984253
1013.3069820003584
1013.6440520000178
0.5742979992646724
0.7672569990972988
1.0110299990628846
1.182019001134904
0.5712489983125124
0.4940310027450323
0.326244997268077
0.23505799981649034
1.5760130008857232
0.508122997416649
0.40281199835590087
0.6410519999917597
0.4370200003904756
0.34151699946960434
0.32000799910747446
0.5330999993020669
0.4203850003250409
0.385606999770971
0.4254609993949998
0.4516950029938016
0.4564199989545159
0.4628060014510993
0.40678100049262866
0.3699039989442099
0.38266199771896936
0.6424700004572514
0.25078099861275405
0.4185459984000772
0.47575400094501674
1.006549999146955
0.9399260015925393
0.8297459971799981
0.8491650005453266
0.9028819986269809
0.8580140020058025
0.2607529968372546
0.6976129989197943
0.7961040028021671
0.9009020031953696
0.5746409988205414
1.0950509968097322
3.307921997475205
0.3772669988393318
3.275047998613445
1.1772189973271452
0.6203779994393699
0.7807340007275343
1.1885490021086298
1.1064259997510817
3.0929130007280037
0.38637399848084897
0.49097200098913163
0.8152699992933776
0.3271309979027137
0.38762800249969587
0.38425599996116944
0.20221299928380176
0.45924500227556564
0.4125460000068415
0.4714679998869542
0.5644320008286741
0.37064500065753236
0.3651080005511176
0.2810539990605321
0.8771300017542671
0.8076800004346296
0.7806110006640665
0.6476380003732629
0.5858889999217354
0.8867830001690891
0.4184639983577654
0.8090470000752248
0.2601020023575984
0.5056570007582195
0.3666679986054078
0.4592650002450682
0.36849699972663075
0.41803800195339136
0.33203299972228706
0.5498640020960011
0.21009899865020998
0.2652889997989405
0.23561899797641672
0.37396599873318337
0.2787710000120569
0.6283080001594499
0.2996619987243321
1.1350890017638449
0.9512100004940294
1.0333829995943233
0.9292919967265334
0.8899720014596824
1.1642049976217095
0.8899200001906138
0.36868799725198187
0.49262800166616216
0.27226599922869354
0.28032399859512225
0.48772499940241687
0.4805510034202598
0.29078299849061295
0.49236199993174523
0.4515510008786805
1.1354570015100762
2.2956389984756242
2.338880000024801
3.0036239986657165
1.1214049991394859
3.0339750010170974
3.0194419996405486
0.4648200010706205
0.6848060002084821
0.5747269970015623
0.5853820002812427
0.7813609990989789
0.7697979999647941
0.7061510004859883
0.3495390010357369
0.4468929982976988
0.43416400148998946
0.46590700003434904
0.4256860011082608
0.19792199964285828
0.42862400005105883
0.24468599804094993
0.3637730005721096
0.29012400045758113
0.6394820011337288
0.559288000658853
0.4819810019398574
0.30205000075511634
0.4607759983628057
0.41595699804020114
0.7391360013571102
1.2159949983470142
0.8808179991319776
0.4633549979189411
1014.9975909989735
1014.8016130005999
1014.7981779991824
1015.6938300024194
1016.1980400007451
1016.6422559996136
1017.3200909994193
1018.1011280001258
1017.5007760008157
1018.3312480003224
1018.8305779993243
1019.3044070001633
1019.7393829985231
0.5137100015417673
0.5434890008473303
0.2617350000946317
0.8463519989163615
1.2345979994279332
0.6166029997984879
1.033814998663729
2.141869001206942
0.3095319989370182
0.627191002422478
0.40853500104276463
0.6012779995216988
0.5514660006156191
0.4868319992965553
0.32486000054632314
0.4776580026373267
0.20949199824826792
0.6625720016018022
0.4586160030157771
0.43321799967088737
0.37923999843769707
1.8470009999873582
0.5355559987947345
0.5245660031505395
0.4410289984662086
0.38130200118757784
0.7134450024750549
0.2591919983387925
0.7712670012551825
0.6666379995294847
0.8772100009082351
0.919768001040211
0.8878469998307992
0.6164309997984674
2.3100789985619485
3.002805002324749
2.8323090009507723
0.4321430023992434
0.5131670004629996
0.2756079993559979
0.2829219993145671
0.46415500037255697
0.4568210024444852
0.39437499799532816
0.23671799863222986
0.3163880028296262
0.268702999164816
0.23512500047218055
0.46950999967521057
0.21498600108316168
0.40488800004823133
0.3585540034691803
0.27648000104818493
0.2563939997344278
0.3609710001910571
0.19508300101733766
0.4722859994217288
0.7102140007191338
0.6907810020493343
0.9013470007630531
0.730380997993052
0.3903500000888016
0.2649749985721428
0.24325000049429946
0.26752900157589465
0.25305400049546733
0.15960100063239224
0.3537110023899004
0.5548570006794762
0.2413119982520584
1.3447710007312708
1.6172520008694846
1.6018850001273677
0.2766879988485016
0.6950310016691219
0.3772749987547286
0.28071300039300695
1.747797999996692
0.5823819992656354
0.25271800041082315
0.5144299975654576
0.23555599909741431
0.32507499781786464
0.4491599975153804
0.3680059999169316
0.3232389972254168
0.5508709982677829
0.3647110024758149
0.34203000177512877
0.36275900129112415
0.3104719980910886
0.28920899785589427
0.3407399999559857
0.3475259982224088
0.7176129984145518
0.8682829975441564
0.8502230011799838
0.5175929982215166
0.5146799994690809
0.34079599936376326
0.39580500015290454
0.48759099809103645
0.6483539982582442
0.4098410026927013
0.2380739970249124
0.13620500249089673
0.38172399945324287
0.3150829979858827
1.5416999995068181
1.520466001238674
0.32477100103278644
0.4719419994216878
0.4656550008803606
0.3455769983702339
0.3355859989824239
0.3646930017566774
0.18911799998022616
0.2327719994354993
0.21450499843922444
0.21099199875607155
0.1779609992809128
0.33692199940560386
0.2712320019782055
0.7177590014180169
0.6307559997367207
0.6610759992327075
0.7255609998537693
0.5306359998940025
0.36579600055119954
0.8698029996594414
0.4582740002661012
0.3869679967465345
0.2905080000346061
0.2220130008936394
0.33591700048418716
0.17141200078185648
1005.4016489993955
1005.111318998388
1005.1146670011804
1006.6683030017884
1005.6427719973726
1005.9384450032667
1007.4493959982647
1006.5485349987284
1006.9362959984574
1007.4270579971198
1007.7851429996372
1007.6470669991977
1009.521099000267
1009.7590479999781
0.8300810004584491
0.9125810029217973
0.5791019975731615
0.5842179998580832
0.9495659978711046
0.3992340025433805
0.26513600096222945
0.3101420006714761
0.4943080020893831
0.4753440007334575
0.4758319992106408
0.5146909970790148
0.4281110013835132
0.5007830004615244
0.31129499984672293
1.2268820028111804
0.9882390004349872
0.8909230018616654
1.423418001650134
1.237087999470532
1.0121659979631659
1.389945002301829
0.35447799746179953
0.42339300125604495
0.41714600229170173
0.39194100099848583
0.38187999962246977
0.2826999989338219
0.42705400119302794
0.45768699783366174
0.47142800030997023
0.5070059996796772
0.3951559992856346
1.1341499994159676
1.0217890012427233
0.927436998608755
0.984515998425195
1.315863999479916
0.9741659996507224
0.8424070001638029
0.5202699976507574
0.9095069981412962
1.5560690007987432
1.9538560009095818
1.7706860016915016
1.2014540006930474
0.5096969980513677
0.877326001500478
0.924725998629583
0.26298000011593103
0.3578390023903921
0.2863410009013023
0.3322060001664795
0.40620499930810183
0.380919998860918
0.3873729983752128
0.3485320012259763
0.8748700020078104
0.7093479980539996
0.6907580027473159
0.6935659985174425
0.4997489995730575
0.6985489999351557
0.5234640011622105
0.3493309995974414
0.3583729994716123
0.304541001241887
0.4525680014921818
0.2543909977248404
0.5100179987493902
0.24869600019883364
0.3673249993880745
0.33413399796700105
0.484329997561872
0.250817000051029
0.5240589998720679
0.27125699853058904
0.28941100026713684
0.268856998445699
0.23524900097982027
0.7894420014054049
1.1099459989054594
1.2881769980594981
0.7976950000738725
0.9674060020188335
0.7707590011705179
0.6504390003101435
0.8164430000761058
0.7079440001689363
0.6112070004746784
0.4091780028829817
0.1909970014821738
0.2201490024162922
0.37017700014985166
0.29222300145193003
0.23938199956319295
0.42274299994460307
0.35660000139614567
0.20551700072246604
1.1296970005787443
0.30017799872439355
1.9568330026231706
1.874844001577003
0.371039001038298
0.326888999552466
0.24474699966958724
0.4855229999520816
0.2745159981714096
0.39724999805912375
0.6362920030369423
0.47208699834300205
0.4199009999865666
1.0910029996011872
0.2360340004088357
0.4142559992033057
0.2959580015158281
0.3673530009109527
5.4783970008429606
0.8670009992783889
0.8711429982213303
0.8788249979261309
0.8263970012194477
0.7039070005703252
0.6780689982406329
0.3161750028084498
0.3094339990639128
0.5528330002562143
1011.773833000916
1012.8712880032253
1012.5591330033785
1013.6935310001718
1014.0169229998719
1014.6572970006673
1015.3531290015962
1015.3625419989112
1016.2356449982326
1017.3458930003108
1017.6302870022482
1017.1033229999011
1017.802660997404
1015.0661279985798
1015.5386970000109
1016.1964949984394
1017.9158299979463
1017.050874997949
1017.7589269987948
1018.1358980007644
1018.883750999521
1019.2247359991597
1019.5018999984313
0.5588349995377939
0.6037579987605568
0.4938319980283268
0.3351639970787801
0.2856959981727414
0.4029259980597999
0.4652780007745605
0.5371990009734873
0.23061300089466386
0.5845980012963992
0.3978409986302722
0.4208229984214995
0.4477869988477323
0.3481639978417661
0.35831999775837176
2.1466139987751376
0.8946650013967883
0.7410790021822322
0.45345699982135557
0.45520500134443864
0.37987600080668926
0.2527559990994632
0.30762800088268705
0.35251500230515376
0.36341799932415597
0.35235099858255126
0.2495359985914547
0.42787300117197447
0.43487299990374595
0.37370200152508914
0.21367400040617213
0.4310749973228667
0.3690410012495704
0.3660239999589976
0.4338630023994483
0.263781999819912
0.8317950014316011
0.7391510007437319
0.7654299988644198
1.177451998955803
0.5181699998502154
0.8365379981114529
0.548381001863163
0.4622039996320382
0.8619219988759141
0.42976100303349085
0.5470830001286231
0.5196090023673605
0.4877230021520518
0.7066640027915128
0.2904290013248101
0.3787970017583575
0.3913020009349566
0.984056998277083
0.7733879974693991
0.7769230032863561
0.40736599839874543
1.0634790014592
0.268548999883933
0.31566200050292537
0.306906000332674
0.34661899917409755
0.43186599941691384
0.4096020020369906
0.2172149979742244
0.4251079990353901
0.36866899972665124
1.3096670008962974
1.2904059985885397
0.8662840009492356
1.0618550004437566
0.9290160014643334
0.8761369972489774
0.8063429995672777
0.7144400005927309
0.9533060001558624
0.14340699999593198
0.46672999815200455
0.15915500262053683
0.3900150004483294
0.3717479994520545
0.7003259997873101
0.38443299854407087
0.29580800037365407
0.312392003252171
0.2844680020643864
0.35288800063426606
0.39257800017367117
0.29175300005590543
0.3717010004038457
0.4193980021227617
0.3251570014981553
0.3386800017324276
0.5783310007245746
0.23956299992278218
0.23781799973221496
0.436091999290511
0.660558001982281
0.703567002346972
0.4448589970706962
0.30715800312464125
0.4338390026532579
0.4480139978113584
0.3675029984151479
0.3446219998295419
0.39609899977222085
0.16926100215641782
0.4244379997544456
0.9497419996478129
0.8107279973046388
0.6121669975982513
0.6164679980429355
0.5628760009130929
1.0250999985146336
0.5898520030314103
0.4196359986963216
0.2787240009638481
0.5471520016726572
0.49817300168797374
0.381255002139369
0.45461100307875313
0.19196500215912238
0.42281100104446523
0.31850000232225284
0.4285969989723526
0.6797620008001104
0.48026600052253343
1006.0784749985032
1006.6185609975946
1006.1955669989402
1007.6595879982051
1009.6979000009014
1008.526460002031
1010.4298410005867
1009.0197130011802
1009.5027259994822
1010.9667310025543
1010.12796500072
1011.513395998918
1010.6863969995175
1012.2105190021102
1011.3858949989663
1013.0887089981115
1012.1722760013654
1010.5026109995379
1011.3252230003127
1012.3344750027172
1014.0308949994505
1014.0040650003357
1014.6148560015718
0.6610279997403268
0.8074589968600776
0.71501200000057
0.9931790009432007
1.0603740010992624
2.6482169996597804
1.1204399997950532
0.8324749978783075
0.508304001414217
0.4015640006400645
0.36757300040335394
0.6673079988104291
0.47459699999308214
0.4733540008601267
0.43075600115116686
0.2976649993797764
0.3208600028301589
0.30171199978212826
0.32397100221714936
0.4576370010909159
0.2613539982121438
0.34097199750249274
0.5920740004512481
0.23491200045100413
0.21260100038489327
0.2389719993516337
0.2449019993946422
0.5646780009556096
0.41036699985852465
0.30684000012115575
0.23399000201607123
0.17498000306659378
0.8565829994040541
0.9237609992851503
0.9282450009777676
0.9103189986490179
0.7194999998318963
0.7038209987513255
0.9599850018275902
0.6725730017933529
0.5937339992669877
0.4423099999257829
0.3412039986869786
0.2780299982987344
0.26201199943898246
0.27763099933508784
0.19126099869026802
0.23623699962627143
0.49122999917017296
0.15182300194283016
0.29026400079601444
0.34602500090841204
0.3226810003980063
0.2478540009178687
0.3781769992201589
0.29883499882998876
0.33182600236614235
0.36256699968362227
0.7120490008674096
0.5262119993858505
0.8922880006139167
0.8157240008586086
0.5569070017372724
0.412602999858791
0.32469600046169944
0.2359530008106958
0.238994001847459
0.3537230004440062
0.349002999428194
0.3159400002914481
0.2329480012122076
0.5206410023674835
0.2529819976189174
0.20418200074345805
0.3819979974650778
0.3305589998490177
0.3040289993805345
0.25659799939603545
0.27602299815043807
0.2601410014904104
0.35773200215771794
0.3090110003540758
0.8144709972839337
0.7487240000045858
0.7252629984577652
0.5722470014006831
0.8070720032264944
0.6402640028682072
0.6246990014915355
0.27187899831915274
0.380497000151081
0.25933299912139773
0.24207900059991516
0.306409001495922
0.1927660014189314
0.3127009986201301
0.3806280001299456
0.30632500056526624
0.22352200176101178
0.7754069993097801
0.3491829993436113
0.40778000038699247
0.29970999821671285
0.2207469988206867
0.40439399890601635
0.5961509996268433
0.19498400070006028
0.6469299987656996
1.193996999063529
0.35044400283368304
0.32470000223838724
0.8464390011795331
0.2645999993546866
0.2899130013247486
0.39492799987783656
0.3482590000203345
0.5074580003565643
0.3419780005060602
1014.7967980010435
1014.6623420005199
1014.5883519980998
1015.71273999798
1015.3672979977273
1018.2271359990409
1015.9800440014806
1016.5988990011101
1019.0238430004683
1017.1077389968559
1018.3947760015144
1019.4015109991597
1021.2989370011201
1021.0150029997749
1022.1738670006744
1021.6125570004806
1023.2451660012885
1023.160923999967
1022.6340070003062
1023.9226630001212
1021.72659200005
1021.6082599981746
1024.0491750009824
1024.413443999947
1024.791476000246
1025.3423070025747
1024.4759130000602
1023.4132490004413
1023.0325370030187
1023.3871980017284
1022.9930660025275
1022.7601260012307
0.5817660021421034
0.4060649989696685
0.8494300018355716
0.458893999166321
0.3194860000803601
0.47489500138908625
0.41213599979528226
0.6676930024696048
1.1199930013390258
0.4641800005629193
0.7597479998366907
0.5897789997106884
0.40818500201567076
1.087500000721775
0.7141290006984491
0.2441669967083726
0.9669240025687031
0.4099430007045157
0.3543249986250885
0.38322700129356235
0.4389389978314284
0.299241000902839
0.5877160001546144
0.45939499977976084
0.5345440004020929
0.4276390027371235
0.45907100138720125
1.1249929993937258
1.1763000002247281
1.2378690007608384
1.0699800004658755
0.686526000208687
1.339730999461608
1.0673529977793805
0.746469999285182
0.49725300050340593
0.37295499714673497
0.17654700059210882
0.35447999835014343
0.28723200011882
0.3098640008829534
0.3216920013073832
0.3829790002782829
0.32598699908703566
0.3176709979015868
0.18451600044500083
0.9307020009146072
0.7292030022654217
0.9870549984043464
0.5551760004891548
0.3169129995512776
0.43860499863512814
0.4595280006469693
0.46717800069018267
0.4332819989940617
0.35328100057085976
0.6498849979834631
0.31202500031213276
0.42577800195431337
0.563213001441909
0.6446650004363619
0.5474259996844921
0.6238189998839516
0.5321400021784939
0.38431100256275386
0.24118999863276258
0.5785389985248912
0.3202440020686481
0.4640020015358459
0.3768070018850267
0.3507670007820707
0.16614299966022372
0.4014430014649406
0.6869219978398178
1.0337999992771074
0.33553200046299025
1.0722270017140545
0.24373400083277375
0.2281199995195493
0.6655760007561184
0.31232899709721096
0.5177040002308786
0.43148099939571694
0.2447459992254153
0.36239199835108593
0.21001699860789813
0.22285700106294826
0.30149099984555505
0.40292099947691895
0.2588239985925611
0.45762599984300323
0.31600399961462244
0.7686280005145818
0.7318640018638689
1.094248000299558
0.9775889993761666
0.966629999311408
0.8465080027235672
0.2731890017457772
0.16958999913185835
0.5282530000840779
0.3306459984742105
0.673755999741843
0.39624700002605096
0.31507600215263665
0.3770160001295153
0.3174560006300453
0.19532800070010126
0.2042740015895106
1013.171754002542
1013.6830689989438
1013.6806539994723
1014.2421589989681
1014.7596219976549
1015.3509320007288
1017.8598630009219
1015.5618379976659
1018.3257409989892
1016.315016997396
1022.127107000415
1016.8172550002055
1023.291479999898
1017.8508630015131
1018.2666740001878
1018.6730999994325
1019.1690140018181
1020.0988369979314
1020.5633910009055
1021.0063819977222
1021.5267239982495
1021.9077430010657
1024.3791789980605
1017.4742749986763
1017.8637280005205
1018.3647220001149
1018.7656509988301
1019.5469020000019
1019.9108939996222
1020.2306169994699
1020.681075999164
1021.0812750010518
1021.5220300015062
1021.9246950000525
1022.3481089997222
1022.7719909998996
1023.4493169991765
1023.8975389984262
1024.478746996465
1025.5935810018855
1028.2985539997753
0.5702329981431831
0.31216699790093116
0.3012119996128604
0.7911080028861761
0.19506800163071603
0.43997900138492696
0.5538549994525965
0.4185840007266961
0.5688119999831542
0.47256899779313244
1.2049709985149093
1.6808560030767694
1.6309599996020552
1.295917998504592
1.2621319983736612
1.1046469990105834
0.9106260004045907
1.7773710023902822
1.4504089995170943
0.9071640015463345
0.8320589986396953
1.375915999233257
0.666280000586994
0.48737199904280715
0.26545000218902715
0.4284710012143478
1.4012020001246128
1.4518949974444695
1.3751779988524504
1.2707240020972677
1.175203000457259
1.4850629995635245
1.1676859976432752
1.0683159998734482
1.0249950028082822
1.0950479991151951
0.9258849968318827
3.2849829985934775
3.159055999276461
3.0177819971868303
2.8740119996655267
2.9121529987605754
2.7973469987045974
2.932950999820605
2.6611690009303857
2.8292820024944376
2.667552002094453
2.5771410000743344
2.3671179988014046
4.284349997760728
0.9130590005952399
0.7971640006871894
0.9994010033551604
0.8964190019469243
0.6595279992325231
0.6757039991498459
0.48244000208796933
0.7641129996045493
0.4225630000291858
0.36133300091023557
0.3042999996978324
0.377674001356354
0.4803669980901759
0.2812040002027061
0.3043059987248853
0.29102199914632365
0.19203500050934963
0.22626899954047985
0.29935500060673803
0.45552099982160144
0.3383110015420243
0.39672299681114964
0.25612199897295795
1.1010569978679996
0.738801001716638
1.236021998920478
0.9224459972756449
1.1840289989777375
1.3243069988675416
0.8240520000981633
0.9848899971984793
0.8005240015336312
1.233803002833156
0.5382489980547689
0.33887099925777875
0.37024999983259477
0.2138599993486423
0.27240999770583585
0.7994080006028526
0.8227250000345521
0.6941190003999509
1.0018670000135899
0.8358999984920956
0.7567389984615147
0.513612998474855
0.37055799839436077
0.24455400125589222
0.47240300045814365
1022.6998869984527
1023.1701810007507
0.8037269981286954
1.236780997714959
2.1249190031085163
1.604731001862092
2.5643219996709377
1.5063120008562692
2.4228580005001277
3.1332260005001444
1.4551570020557847
1.2684339999395888
1.2710629998764489
0.9669829996710178
0.8633360012026969
0.8542849973309785
1.0460249977768399
0.6369539987645112
0.745818000723375
0.40709300083108246
0.36972300222259946
0.6232689993339591
0.1813140006561298
0.3696510029840283
0.2587199996924028
0.32747200020821765
1.5547940020042006
1.5611849994456861
1.4887489996908698
1.2900029978482053
1.2348079981165938
1.1113049986306578
0.9589189976395573
1.2268749997019768
1.0872210004890803
2.0815679999941494
1.3618170014524367
1.2704330001724884
1.4438559992413502
0.4212649982946459
0.17560299966135062
0.725614998373203
0.41973199768108316
0.7540839978901204
0.8888310003385413
0.7266710017574951
0.23728099768050015
0.16606800272711553
0.17246499919565395
0.46774499787716195
0.19381199672352523
3.3653230020718183
0.36528599957819097
0.6152499991003424
0.47718299902044237
0.3581339988159016
0.26642100056051277
0.24183200002880767
0.27807699734694324
0.3966709991800599
0.4959329999110196
0.3459699983068276
0.4439629992702976
0.314836001052754
0.2761569994618185
0.17655799820204265
0.3984159993706271
4.367686997284181
4.274524999345886
4.337614998803474
4.178546998446109
4.191141000774223
4.141669000091497
4.58008999703452
4.04643600268173
4.277509997336892
4.296000999602256
4.123771999729797
3.8235979991441127
4.371787999843946
4.342770000221208
3.822017002676148
4.123086000618059
4.116953998163808
5.25382599880686
3.981476002081763
4.769426999700954
5.951142000412801
4.872653000347782
5.393613999331137
4.514191001362633
4.319235002185451
5.132703001436312
4.416926996782422
6.101465001847828
5.5437110022467095
5.34076400072081
6.405176001862856
7.691407001402695
6.3077980012167245
5.943603999185143
5.297575000440702
0.3672010025184136
0.42140499863307923
0.6208180020621512
0.5320050004229415
0.4762330027006101
0.32945799830486067
0.2991779983858578
0.29206500039435923
0.2726720013015438
1.2418410005921032
1.1188989992660936
1.0422110026411247
0.9349160027340986
0.8949290022428613
0.564587000553729
1.2888890014437493
1.6930120000324678
0.9302479993493762
0.7243620020744856
0.195494998479262
0.2824319999490399
0.19395399795030244
0.23732100089546293
0.5464489986479748
0.23377000252366997
0.2819199980876874
0.27112300085718744
0.610041999607347
0.9352100023534149
0.6873169986647554
0.9115829998336267
0.7606489998579491
0.5312739995133597
0.7542769999417942
0.7138200016925111
0.41307599894935265
0.3095700012636371
0.4989119988749735
0.4043789995193947
0.44831600098405033
0.3397879991098307
0.2217030014435295
0.24512399977538735
0.44332999823382124
3.403164999326691
1013.6935649970837
1014.0981389995432
1013.2106790006219
1013.7668259994825
1014.839398998447
0.8148659981088713
0.8444030027021654
0.7191959994088393
0.5406160016718786
1.2285119992156979
0.8458779993816279
1.3517279985535424
0.7644639990758151
0.6133509996288922
1.0978200007230043
0.7623759993293788
0.6052090029697865
1.0526920013944618
1.8548830012150574
0.48102599976118654
0.677982003253419
0.32407999970018864
0.3171070020471234
0.3320949981571175
0.2647809997142758
0.17405200196662918
0.5707339987566229
2.917506997619057
0.5154030004632659
0.4127970023546368
0.5673570012731943
0.4622050000762101
0.4706799991254229
0.8197770002880134
0.8693670024513267
1.0330030017939862
0.8165840008587111
0.9608039981685579
0.7576259995403234
0.4851100020459853
0.5466069997055456
0.3998440006398596
2.5992559967562556
2.541207999456674
0.604855998972198
1.1844389991892967
1.3585859996965155
0.9560090002196375
0.7975080006872304
0.4871620003541466
0.9068309991562273
1.1714900028891861
3.27489800110925
0.31467900043935515
0.4057480000483338
0.32156000088434666
0.4878669969912153
0.3686050004034769
0.7829850001144223
0.3153020006720908
0.38431699795182794
0.2647660003276542
0.9325519968115259
0.7643419994565193
0.710472999344347
0.7303179991140496
0.647826000204077
0.5008860025554895
0.634935000562109
0.5615829977614339
0.28394100081641227
0.4433959984453395
0.4387420012790244
0.290549000055762
0.38787900120951235
0.329672999214381
0.7226560010167304
0.36905399974784814
0.2821389971359167
0.3854139977192972
0.333253999997396
0.2880460015148856
1.243830000021262
0.8878690023266245
1.0919740016106516
0.7369519989879336
0.8977899997262284
1.2042349990224466
0.8420359990850557
0.9021160003612749
0.27862600109074265
0.5869060005352367
0.2758549999271054
0.24496799960616045
0.30197700107237324
0.41403399882256053
0.26722099937614985
0.3294320013083052
0.23533800049335696
0.38918799691600725
0.2984610000567045
0.443908000306692
0.39540999932796694
0.6833160005044192
0.509909001266351
0.1849549989856314
0.5720679982914589
0.5133889972057659
0.5125200004840735
0.44260499998927116
0.6562089984072372
0.5127559998072684
0.9024760001921095
0.8388400019612163
0.32151299819815904
0.575912999920547
0.3543290004017763
0.26793399956659414
0.324290002026828
0.3137239982606843
0.46759299948462285
0.3826710017165169
0.3706619972945191
0.4728800013253931
0.3803810031968169
0.4449359985301271
0.3365499978826847
0.36010699841426685
0.6307680014288053
0.6661309998889919
0.37543400321737863
0.3470899973763153
0.8932780001487117
0.9150510013569146
0.4653629985114094
0.35564700010581873
0.4015019985672552
0.4088519999640994
0.37516099837375805
0.6774390021746513
0.6398020013875794
0.45608700020238757
0.6051109994587023
1016.5313559991773
1018.0939889978617
1016.567901999224
1018.1589579988213
1018.7902019970352
1017.5817840026866
1018.7526029985747
1019.5791329970234
1019.6125250004116
1020.0689919984143
1019.6605880009884
1020.4901760007488
0.5694409992429428
1.5087009996932466
2.306207999936305
1.3863849999324884
2.788123001664644
1.3440050024655648
2.5420569982088637
2.3772249987814575
2.165576999686891
1.5391720007755794
1.230681999004446
1.1673199987853877
0.43540199840208516
0.5393049978010822
2.1198770009505097
1.9806070013146382
1.387204996717628
1.0241370000585448
1.6245030019490514
2.24225599959027
2.171193002141081
2.570060001744423
0.6064339977456257
1.3030990012339316
0.5697939996025525
0.40836300104274414
0.6169099979160819
0.16552300076000392
0.2420939999865368
0.6404119994840585
0.26401400100439787
0.36312799784354866
0.25407300199731253
0.25858200024231337
0.26741799956653267
0.5802539999422152
0.5976749998808373
0.34570500065456145
0.29553000058513135
0.3606430000218097
0.338900998031022
0.3217489975213539
0.28793199817300774
5.536876997211948
0.5066979974799324
0.36077700133319013
0.6855890023871325
0.4612729971995577
0.4407540000102017
0.300686002447037
0.3163900000799913
0.3591309978219215
0.3088099983870052
0.24252400180557743
0.19670199981192127
0.6342909982777201
0.46262700197985396
0.488065998069942
0.7011769994278438
0.4218829999445006
0.9208429983118549
0.7508029993914533
1.0398359991086181
0.8608290008851327
0.805106003099354
0.7927510014269501
0.6133059978310484
0.5144520000612829
0.817315998574486
0.25905599977704696
0.3663589995994698
0.3561120029189624
0.3727039984369185
0.2548500015109312
0.27639900145004503
0.18516499767429195
0.13793800098937936
0.24056900292634964
0.26118499954463914
0.2686080006242264
0.4113260001759045
0.30865100052324124
0.487107001390541
1.4516939991153777
1.8031420004263055
1.5554869969491847
1.4820679971307982
1.457163001759909
1.5496919986617286
1.3046970016148407
1.6552800007048063
3.707251999003347
3.0126920028124005
3.43785700169974
1.540023000416113
0.2735880007094238
1.5215730018098839
1.5117980001377873
0.38353900163201615
0.48906799929682165
0.26087700098287314
0.17460299932281487
0.3184550005244091
0.35323599877301604
0.29876799817429855
0.23103799685486592
0.21679400015273131
0.25700499827507883
0.3144469992548693
0.27792300170403905
0.38948799920035526
0.2515480009606108
0.27769599910243414
0.3897889982908964
0.3891810010827612
0.31926199881127104
0.4219289985485375
0.6590949997189455
0.7646810008736793
0.7000009973125998
0.6715230010740925
0.46730699978070334
0.7029520020296331
0.37376900218077935
0.33353799881297164
0.20388399934745394
0.3328629973111674
0.27526299891178496
0.2685740000742953
0.22119300047052093
0.3499689992167987
0.42511500214459375
1011.8560120026814
1012.2130019990436
1012.8046800018637
1013.8557040008891
1014.6000759996241
1013.5976040000969
1013.6099289993581
1014.3228320011985
1015.3220709980815
1015.9477859997423
1016.7491040010646
1017.0325089966354
1016.919282003073
1015.1247260000673
1017.1536769994418
1016.2013240005763
1016.4245850028237
1017.5385990005452
