0.5865460007044021
3.843483002128778
0.49602600120124407
0.2894529970944859
0.5478009989019483
0.9392749998369254
0.9448089986108243
1.216756001667818
0.7901099997980054
1.146752001659479
0.9830529997998383
0.8292189995700028
0.3424179994908627
0.8582880000176374
1.666504998866003
1.5445730023202486
1.2344269998720847
1.1202960013179109
1.0929420022876002
1.2583860006998293
1.1440389971539844
0.8615209990239237
0.22472300042863935
0.33364800037816167
0.3543410020938609
0.5665309981850442
0.7759299987810664
1.0009990000980906
0.5522159990505315
0.9338859999843407
0.29060499946353957
2.815361996908905
0.6570519981323741
1.0533339991525281
0.6720140008837916
0.4739459982374683
0.40308899770025164
2.5104470005317125
0.18179500330006704
0.4228649995638989
0.26977399829775095
0.6623499975830782
0.25953399745048955
0.9929550033120904
1.0943939996650442
1.412179000908509
1.078622997738421
1.0142680002900306
1.0049739976238925
0.9643680023145862
0.7784479967085645
0.6729259985149838
0.3906070014636498
0.30923699887352996
0.2507959979993757
0.3693569997267332
0.2439339987176936
0.38251399746513925
0.33874300061143003
0.33460799750173464
0.4546109994407743
0.26007700216723606
0.25913299759849906
0.48402700122096576
0.3257609969296027
1.128376999986358
0.39921099960338324
0.4125340019527357
0.2611359996080864
0.20054700144100934
0.2592700002423953
0.3985840012319386
0.25280899717472494
0.5498090031323954
0.22847899890621193
0.3589529987948481
0.34735000008367933
0.3662069975689519
0.3578300020308234
0.5260040015855338
0.4113729992241133
0.38161800330271944
0.8340849999513011
0.87927799904719
0.69823599915253
0.8464589991490357
0.5817609999212436
0.6957629993848968
0.46603499868069775
0.324444001307711
0.2724919977481477
0.2935150005214382
0.26817899924935773
0.3695659979712218
0.30940500073484145
0.38092699833214283
0.4069759997946676
0.2817959975800477
0.6022400011715945
0.581824999244418
0.30247799804783426
0.42616299833753146
0.6053290017007384
0.4253609986335505
0.3131060002488084
0.2081279999401886
0.7148850017983932
0.7185240028775297
0.7797610014677048
0.6447140003729146
0.3866000006382819
0.41890300053637475
0.1916149994940497
0.32288500005961396
0.5114439991302788
0.5377529996621888
0.41488299757475033
0.48390300071332604
0.37806399996043183
0.26810000053956173
0.22962000002735294
0.3943980009353254
0.23089699971023947
0.38672399750794284
0.28554099844768643
2.0805029998882674
1.8300990013813134
2.0922390031046234
2.442938002786832
1.876598002127139
0.4127710017201025
2.371746999415336
0.3926230019715149
0.3316139991511591
0.4903429980913643
0.2833539983839728
0.3948150006181095
0.3234489995520562
0.38112000038381666
0.2533510014472995
0.3887390012096148
0.2926050001406111
0.26492100005270913
1019.1900540012284
1017.1165560022928
1017.6186879980378
1017.1877290013072
1017.8565700007312
1018.7390300015977
1018.3176719983749
1018.741730000329
1019.5303020009305
1019.6302590011328
1020.1711349982361
1020.2604630030692
1020.7638630017755
1020.8701789997576
1022.1136299987847
1021.4958149990707
1022.8357279993361
1022.1910660002322
1023.8284229999408
1022.8309590020217
1024.7947930001828
1023.4245299980103
1025.6263880000915
1024.073619999399
1026.2669990006543
1024.7584680000728
1027.2023890029232
1025.6411830014258
1027.893493999727
1026.2732170012896
1028.960368999833
1026.8911179991846
1029.7947889994248
1027.90484399884
1030.698680999194
1028.6963149992516
1031.3858260014968
1029.2894420017547
1031.8313999996462
1032.4152070024866
1030.212116002076
1029.9113629989733
1032.8625469992403
1030.733029001567
1033.3113849992515
1031.241263000993
1034.0818260010565
1031.9683499983512
1032.3619129994768
1032.7468659997976
1033.2015299973136
1033.8668599979428
1034.2830480003613
1034.6593530011887
1034.9472609996155
1030.3446670004632
1034.2430249984318
0.41123000119114295
0.28420400121831335
0.47412299682036974
0.27894799859495834
0.2630929993756581
0.32696900234441273
0.3283480000391137
0.5156279985385481
0.3983210008300375
0.4388269990158733
0.23441799930878915
0.3549249995558057
0.4195219989924226
0.37328899998101406
0.4476329995668493
0.35619600021163933
0.5134839993843343
0.4210740007692948
0.5594750000454951
0.45040300028631464
0.456679001217708
0.8035399987420533
1.149195999460062
0.7746250012132805
0.8612759993411601
1.335303000814747
1.0723439991124906
1.3193080012570135
1.0284509990015067
0.9642510012781713
0.29755200012004934
1.2905120020150207
0.4428749998623971
0.2005989990720991
0.30602500191889703
0.23742299890727736
0.2857979998225346
0.280980999377789
0.17995100279222243
1.993923000554787
1.0142819992324803
0.9193340010824613
0.9867459993984085
0.42018900057883
1.0100539984705392
0.9533640004519839
0.9830599992710631
2.854242000466911
2.6630720021785237
0.5205749985179864
0.9227379996445961
0.901391998922918
0.8088809991022572
1.337898000201676
0.6994950017542578
0.9882020021905191
0.4815779975615442
0.45179099834058434
0.3088609992119018
0.391483998100739
0.23322700144490227
0.28696399749605916
0.29326900039450265
0.3716709979926236
0.22925500161363743
0.5982910006423481
0.20891899839625694
0.46036599815124646
0.2516409986128565
0.30431499908445403
0.26115299988305196
0.2258729982713703
1.0461569981998764
1.2390480005706195
1.0493650006537791
1.075535998097621
1.0021339985542
0.9151409976766445
0.7526389999839012
0.997100996755762
0.8135690004564822
0.7965779986989219
0.6677419987681787
0.6223639975360129
0.5325900019670371
1021.0498449996521
1022.010909000528
1021.9843960003345
1023.5505880009441
1022.4509079998825
1022.9313590025413
1023.2255379996786
1023.529330999736
1024.4054040012998
1023.1508690012561
1023.5382760001812
1024.0586309992068
1024.366817997361
1023.9760969998315
1024.4392439999501
0.43006299893022515
0.2882650005631149
0.7223040011012927
0.2841929999704007
0.8238949994847644
0.4358869991847314
0.33330700171063654
0.472617000923492
0.4634180004359223
0.3843500016955659
0.47650399937992916
0.943410999752814
0.9932560024026316
0.7043580008030403
0.98714300111169
0.6748650012013968
0.9778020030353218
0.4945799992128741
0.3146480012219399
0.40431900197290815
0.3244070030632429
0.3205620014341548
0.29838100090273656
0.6295269995462149
0.4456189999473281
0.394681999750901
0.8179850010492373
0.7180049979069736
0.2476739973644726
0.3651689985417761
0.43267300134175457
0.5771510004706215
0.427392002166016
0.2856339997379109
0.23912500182632357
0.38003800000296906
0.2681340010894928
0.466784000309417
0.39761600055499
0.27494499954627827
0.2799059984681662
0.3551440022420138
0.5991050020384137
0.49852600204758346
0.3195389981556218
0.6149109976831824
0.2415669987385627
0.24536299679311924
0.2284479996887967
0.2624059998197481
0.26984100259141997
0.7831689981685486
0.978722997388104
0.6230060025700368
1.087766999262385
0.7517089979955927
1.0460720004630275
0.7781460008118302
0.5599889991572127
0.5103080002299976
0.3545580002537463
0.20646399934776127
0.2605399968160782
0.3262349964643363
0.253715999861015
0.33428399910917506
0.2988480009662453
0.2528280019760132
0.3249219989811536
0.24206200032494962
0.20769500042661093
0.1873459987109527
0.26587599859340116
0.28721700073219836
0.30440600312431343
0.2817719978338573
1.1066910010413267
1.0315219988115132
1.0082379994855728
0.7825520006008446
1.3900740013923496
0.6131199988885783
0.7705249990976881
0.5330580024747178
1.3829470008204225
0.39354399996227585
0.36348399953567423
0.3247599997848738
0.33038199762813747
0.23770899861119688
0.2951759997813497
0.18583900236990303
0.15563000124529935
0.2862029978132341
0.3366349992575124
0.2350999966438394
1.079912999557564
1.0630409997247625
1.1712539999280125
0.791082999057835
0.3794110016315244
0.5916320005781017
0.591356998484116
0.8028039992495906
0.3752230004465673
0.3526460022840183
0.2454959976603277
0.44882099973619916
0.33687299946905114
0.43486900176503696
0.3752170014195144
0.31072099955054
0.34166899786214344
0.8747709980525542
0.5677760018443223
0.9128940000664443
0.7149480006773956
1.0877200002141763
0.7678929978283122
0.5209869996178895
0.2875159989343956
0.3738550003618002
0.6788509999751113
0.47440300113521516
0.4520559996308293
0.38265599869191647
0.15675100075895898
1.0070700009237044
1.2202239995531272
0.90592600099626
0.4443200014065951
0.3184769993822556
0.2229189994977787
0.4334559998824261
0.931550999666797
0.3639169990492519
0.24688900157343596
0.46703399857506156
0.6383979998645373
0.6349290015350562
1000.8244740020018
1000.7882070021878
1007.7398270004778
1014.0464479991351
1011.0381770027743
1014.4779250003921
1011.877163000463
1013.3966940011305
1015.0727549989824
1015.411647997098
1014.0462050003407
1014.2051290022209
1015.997974001948
1014.8635500008822
1016.9725870000548
1016.6486779999104
1017.6480520021869
1018.7925019999966
1018.0584869995073
1020.505922002485
1018.5637299982773
1020.863581001322
1019.0378139996028
1019.3461310009297
1019.764558001043
1020.1462439981697
1020.4633569992438
1020.7966369998758
1021.0773129983863
1021.4619280013721
1004.227212000842
1004.4785120007873
1005.0318530011282
1011.349946998962
1011.842202002299
1012.0624310002313
1013.3399309997912
1013.5326429990528
1014.2315919983957
1015.1360600029875
1016.6833019975456
1017.1464059967548
1018.1308959981834
1018.7672130014107
1019.126179999148
1015.1984739968611
1018.1334360022447
1019.7589809977217
1020.5088289985724
1020.7829649989435
1021.5977039988502
1022.2842729999684
1023.2459879989619
1024.3851279992668
1021.6809640005522
1023.1224650015065
1023.8377530004072
1024.7665039969434
1025.435194002057
1022.6164449995849
1.3452399980451446
0.9612440007913392
0.847356001031585
0.793784001871245
0.6180050004331861
0.5104960000608116
0.3143399990221951
4.0362959989579394
3.926082998077618
3.6310040013631806
3.8592949968005996
3.6644430001615547
3.7326720012060832
3.380466001544846
3.305783000541851
3.6514400017040316
3.223503998015076
3.1766569991305005
4.207436002616305
2.83994200071902
2.5425229978282005
2.4266830005217344
3.5584459983510897
2.5964289998228196
2.755331999651389
2.6272710019838996
2.2906029989826493
1.7431539999961387
3.716966999490978
3.3145289999083616
1.4394249992619734
4.812601000594441
1.4536939997924492
4.014332000224385
4.15335999787203
4.941481998685049
6.126780001068255
3.1469960013055243
0.6287780015554745
1.1015189993486274
0.6717989999742713
0.5604899997706525
0.7823920022929087
0.7689589983783662
0.2861019966076128
0.6918830003996845
0.2987609987030737
0.2734970003075432
0.741548999940278
6.481090000306722
6.096305001847213
5.396034001023509
5.4075810003269
5.549839999730466
5.367924000893254
5.324327998096123
5.098384001030354
5.3485319986066315
4.989640001440421
5.270105000818148
4.9506579998706
4.887144001259003
4.774544002430048
4.950495000230148
4.779965998750413
4.568792002828559
4.416498999489704
4.6898750006221235
5.059570001321845
4.5012109985691495
4.45940999998129
4.3826600012835115
3.9949239981069695
4.580379998515127
4.399730001750868
4.081013998074923
4.6229219988163095
4.062159998284187
3.9028009996400215
4.304866000893526
4.116759999305941
3.447429000516422
3.6896450001222547
4.129570999793941
3.471832002105657
4.16358499933267
4.05580599908717
3.4982659999514
3.8469879982585553
3.4927840024465695
3.1252929984475486
2.723928999330383
3.7284339996404015
3.976413998316275
1020.2729340016958
1020.924260999891
1023.0825549988367
1023.2392759971844
1024.57020699876
1025.0393040005292
0.4993290021957364
0.48331799916923046
0.4640669976652134
0.3565520019037649
0.302440002997173
0.4725969993160106
0.45216199941933155
0.43254699994577095
0.41573999988031574
0.5882359982933849
0.26879700089921243
0.33470900234533474
0.2974320013890974
0.2504309995856602
0.23708599837846123
0.20157900144113228
0.17741299961926416
0.39954300154931843
0.45062999924994074
0.30170600075507537
0.8517099995515309
0.6622020009672269
0.8206029997381847
0.7054139969113749
0.8364089990209322
0.6109899986768141
0.46322300113388337
0.3800150007009506
0.30613099806942046
0.3428429990890436
0.2974170020024758
0.41091599996434525
0.40337099926546216
0.3475639969110489
0.4538870016403962
0.4289370008336846
0.36184499913360924
0.31267300073523074
0.3535569994710386
0.3502040017338004
0.34772900107782334
0.2859659980458673
0.8277160013676621
0.8491770022374112
0.8888039992598351
0.8800069990684278
0.8335300008184277
0.8009890007087961
0.762183997721877
0.6691229973512236
0.7609099993715063
0.6571190024260432
0.39500500133726746
0.2797189990815241
0.3288160005467944
0.41913799941539764
0.3769429968087934
0.31336000029114075
0.3918589973181952
0.5000769997423049
0.2908730020863004
0.4717939991678577
0.2387550011917483
0.26513800185057335
0.3410839999560267
0.2800209986162372
0.29226599872345105
0.2210649981861934
1.1404280012357049
1.0933609992207494
0.9471949997532647
1.2047740019625053
0.7621539989486337
1.0140349986613728
0.6983349994698074
0.9272280003642663
0.8323490001203027
0.5213349977566395
0.48955799866234884
0.6035270016582217
1.0769299988169223
0.45679199683945626
0.2939000005426351
0.9054460024344735
0.8727340027689934
0.8049530006246641
0.92590799977188
2.507723002054263
2.8336819996184204
3.0617279990110546
0.4251650025253184
3.404229999432573
0.49455300177214667
2.9811679996782914
0.39724399903207086
0.9719230001792312
0.3436450024310034
0.5174369980522897
0.7977240020409226
0.2243570015707519
0.3464900000835769
0.34011099705821835
0.24268899869639426
0.49687099817674607
0.2955679992737714
0.25161899975501
0.1838770003814716
0.47587999870302156
0.40518799869460054
0.2966570027638227
0.7553809991804883
0.6983560015214607
0.7110279984772205
0.827152998681413
1.1091039996244945
0.8728890024940483
0.7199869978649076
0.3892189997714013
0.354417999915313
0.25425599960726686
0.2895799989346415
0.34666999999899417
0.3049420010938775
0.3939039997931104
0.3141609995509498
0.321209998219274
0.3829460001725238
0.45337399933487177
0.47192500278470106
0.5863970000064
1.0907089999818709
1.0555089975241572
0.7263840016094036
0.5681860020558815
0.9156560008705128
0.8919619976950344
0.6357050006045029
0.4515489999903366
0.3712780016940087
0.39932900108397007
0.3079960006289184
0.146419999509817
1004.6223459976318
1004.9623889972281
1005.7966789972852
1010.33617199937
1005.6199960017693
1011.6785489990434
1012.8726449984242
1006.3400540020666
1014.128171998891
1006.8547730006685
1007.5785630033351
1007.4841969981208
1008.3292060007807
1008.2570319973456
1009.5135219999065
1009.3797000008635
1010.0579819991253
1010.4787479976949
1010.857326000405
1011.2637430029281
1011.5104659998906
1011.8320270012191
1012.2843190001731
1012.7441320000798
1013.384515998041
1013.8180329995521
1014.1985359987302
1014.6870110002055
1015.0858630004223
1015.8583459997317
1016.5975870004331
1017.0735279971268
1016.6102120019787
1010.6622139974206
1011.5142239992565
1010.5970850017911
1012.4817700016138
1012.0793329988373
1012.9503499993007
1013.2366830002866
1013.6334140006511
1014.0107189981791
1014.468448000116
1014.8425770021277
1015.5440329981502
1015.9492019993195
1016.3579640029639
1016.7204879981
1017.8359809979156
1017.3197160002019
1018.5897849987668
1018.4107240020239
1019.0029069999582
1019.3814259982901
1019.9042350031959
1020.2817799981858
1020.9456740012683
1021.2499820008816
1.275482998607913
1.1561409992282279
0.8809649989416357
0.7681940005568322
0.48584600153844804
1.2380230000417214
1.5918340031930711
0.8775159985816572
0.7437250023940578
3.340177001518896
3.3130119991255924
3.242604998376919
3.086304997850675
3.27229300091858
2.9134460019122344
3.2237759987765457
2.9990889997861814
3.3473160001449287
3.19821799712372
2.7218389986956026
2.9898899992986117
2.9452449998643715
3.2877160010684747
2.898367001762381
2.877383001759881
2.5387360001332127
2.766393001365941
2.1146569997654296
2.528766002797056
3.2461250011692755
2.8469429998949636
2.6577419994282536
2.609258001029957
2.025146000960376
2.613459000713192
2.4780499988992233
2.0467430003918707
1.971008998225443
1.735058998747263
1.3063959995633923
0.7560990015917923
0.8537539979442954
0.7045700003800448
0.6851489997643512
0.5780339997727424
0.754510001570452
0.7109549987944774
1.5809910000825766
1.4192210001056083
1.2484949984354898
1.2074900005245581
1.2108580012863968
1.1508419993333519
1.0081049986183643
1.1701080002239905
1.085397001588717
2.3126650012272876
2.32164100088994
1.486413999373326
1.3515710015781224
1.6682019995641895
1.0993159994541202
1.4092640012677293
1.094482999178581
1.6032560015446506
0.4868519972660579
0.7776830025250092
0.9826850000536069
0.8093750002444722
1.193696996779181
0.9140719994320534
0.8897070001694374
1.1284649990557227
0.9603510006854776
0.45373600005405024
0.5811169976368546
0.31034300263854675
3.149258998746518
0.4252380022080615
1024.0598559976206
1024.8913709983754
1024.7777500007942
1025.9869910005364
1026.3882039980672
1026.812346000952
1027.2963440002059
1027.696750999894
1028.2763260001957
1028.7111079996976
1028.3905159994902
1029.0958380028314
1026.9627240013506
1027.3104150001018
1028.3534730006068
1028.2140310009709
1028.9054669992765
1029.321797999728
1029.7352710003906
1030.289949998405
1030.8764260007592
0.6449419997807126
0.7021429992164485
0.6528279991471209
0.5564830025832634
1.6221030018641613
1.5556100006506313
1.4633979990321677
1.278874999115942
1.0448040011397097
0.6841009999334347
1.0155939999094699
0.5751620010414626
0.4200160001346376
0.36259699845686555
0.3631330000644084
0.5053710010543
0.5510699993465096
0.5486119989654981
0.6495119996543508
0.36262499997974373
1.0695220007619355
0.8733279973967001
0.39649199970881455
0.7383369993476663
0.4648629983421415
0.38281000161077827
0.6686929991701618
0.20915999994031154
0.2604930014058482
0.4034099983982742
0.29613999868161045
0.4452260000107344
0.5879639975319151
0.5372990017349366
1.313308999669971
1.1919860007765237
1.0438120007165708
0.9751649995450862
0.46081799882813357
0.20085699725314043
0.4108120010641869
0.30965599944465794
0.332603001879761
0.307711998175364
2.0449149997148197
2.0504079984675627
2.0467510003072675
2.2601650016440544
2.140496999345487
1.8743340006039944
1.6508400003658608
1.4997110010881443
2.3306580005737487
2.946938999230042
2.1394830000645015
2.454531997500453
1.7128979998233262
3.7685839997720905
2.881860000343295
2.9072890029055998
3.3296740002697334
2.597785998659674
2.3087830013537314
0.3684549992613029
0.1951220001501497
0.4613880009856075
1.2996940022276249
1.2176540003565606
1.1071650005760603
1.2398549988574814
1.1425800003053155
1.303586999711115
1.0660650004865602
1.0746660009317566
1.1282070008746814
1.0317760024918243
1.2510480009950697
0.5631450003420468
0.37103599970578216
0.2159790019504726
0.45139599751564674
0.436510999861639
0.4038579972984735
1.9970659996033646
2.2335940011544153
2.575634000095306
1.8703349996940233
1.8007379985647276
1.7459750015405007
2.1873799996683374
1.6414290003012866
1.8144720015698113
1.5204019982775208
1.501049002399668
1.4386219991138205
1.3645990002260078
3.2688110004528426
2.871941000194056
2.642012001160765
1.8682510017242748
0.19299600171507336
0.16483700164826587
0.40551400161348283
0.2850270029739477
0.30441299895755947
0.5941439994785469
0.7252729992615059
0.8824270007607993
0.5440290005935822
0.482153998746071
0.928691999433795
0.74872099867207
0.48744100058684126
0.4217790010443423
0.3088550001848489
0.25595799888833426
0.42772699816850945
0.38149900137796067
0.8965359993453603
0.31333600054495037
0.3447219969530124
0.3351140003360342
0.27813999986392446
0.30976799826021306
0.3287090003141202
0.5260530015220866
0.27348599905963056
0.2178329996240791
0.3814689989667386
1003.8941579987295
1006.159693999507
1004.1567200023565
1006.6828749986598
1004.8177829994529
1007.2587430004205
1005.4732200005674
1005.9988079992763
1008.0384459979541
1006.8732120016648
1008.660821000376
1007.5474869991012
1009.7234429995297
1009.4728840012976
1010.6194779982616
1012.5232539976423
1011.4083829976153
1016.5855630002625
1012.0049350007321
1012.4231280024105
1012.8542919992469
1014.4187940022675
1013.5303719980584
1014.4132060013362
1015.4040310007986
1015.8283729979303
1016.2497849996726
1016.6769569987082
1017.126664002717
1017.7953019992856
1018.2210969978769
1018.64684499742
1019.1371590008202
1019.7802359980415
1020.1691139991453
1010.8181209980103
1011.3297259995306
1011.7436610016739
1011.9955760019366
1012.2466339998937
1012.507335999544
1013.2729040014965
1013.5804460005602
1013.8915300012741
1014.2105220002122
1015.5125469973427
1015.918140001304
1016.2685450013669
1016.5963449981064
1016.913580999244
1017.2901580008329
1017.645972999162
1018.0610569987039
1018.4093759999087
1019.3525059985404
1019.672720998642
1019.9852289988485
1020.4310110020742
1020.8034460010822
1021.0282250009186
1021.4161230032914
1021.7474749988469
1022.0717000011064
1022.410507001041
1023.2000119976874
1023.6924600030761
1023.9997240023513
1024.8257580024074
1024.7838830000546
1025.097514000663
1025.3868419968057
0.3682690003188327
0.3916280002158601
6.5509189989825245
6.416960000933614
6.333399000141071
6.171060998894973
5.9467899991432205
6.9919309971737675
6.710544999805279
5.945916000200668
5.797565998364007
6.458519001171226
6.075463999877684
5.1083149992336985
5.517750996659743
5.4408469986810815
5.953036001301371
5.300250002619578
5.203189000894781
6.847349999588914
5.272876998787979
6.494591001683148
5.271554000501055
4.385375999845564
5.084978001832496
6.5421879990026355
5.396337997808587
5.093486000987468
4.594310001266422
4.996339997887844
4.216249999444699
5.259445999399759
4.595903999870643
4.855642000620719
4.651387997000711
3.904193999915151
4.490210001677042
4.41128199963714
4.275501996744424
3.966574997321004
3.875065998727223
3.79430099928868
3.7289699976099655
3.6412609988474287
3.6134299989498686
3.337934998853598
3.0355890012288
2.8740099987771828
2.121998000802705
5.154620001121657
1.7926949985849205
2.256149000459118
1.9458220012893435
0.25557900153216906
0.4220159971737303
0.3678440007206518
0.5403380018833559
0.3547179985616822
0.524938997841673
0.43614300011540763
0.2890980031224899
0.5475220023072325
2.009061998251127
1.7236429994227365
1.957964999746764
2.0821260004595388
1.7230669982382096
1.667183001700323
1.5780229987285566
2.125249000528129
1.5610270020260941
2.0526640000753105
1.2138819984102156
1.7505250034446362
1.7303550012002233
1.43425599890179
1.6385259987146128
0.5165399998077191
0.4172490007476881
0.8340029999089893
0.6960680002521258
3.1577300032950006
1023.6497849982698
1025.2229010002338
1023.7344690031023
1024.4851449970156
1025.9677060021204
1025.1392559985106
1027.0309099978476
1025.7444149974617
1027.5340379994304
1026.3479390014254
1027.681167000992
1029.0189850020397
1026.1587989989494
1026.5137260030315
1026.940432999254
1027.4206429967307
1029.904812003224
1030.7480619994749
0.34431300082360394
0.30693900043843314
0.37495200012926944
0.3347710007801652
0.2752069995040074
0.3500909988360945
0.722673001291696
0.7619870011694729
0.4260870009602513
0.43650799852912314
0.3762019987334497
0.27782600227510557
0.367764998372877
0.3557430027285591
0.2851860008377116
0.5229329981375486
0.42852900151046924
0.27720199796021916
0.9575650001352187
0.9317549993284047
0.9832809992076363
0.8082800013653468
0.6070849995012395
1.039762999425875
0.6304760026978329
0.9323810008936562
0.24308800129801966
0.5995060018904041
0.316704001306789
0.17904400010593235
0.13943899830337614
0.5375590008043218
0.43148499753442593
0.3413519989408087
0.29142700077500194
0.3740680003829766
0.18692099911277182
0.3575809969333932
0.19278900072094984
0.3092920014751144
0.4115919982723426
0.26282000180799514
0.7699019988649525
0.572405999264447
1.220386999193579
1.0517449991311878
0.8859189983922988
0.9114560016314499
0.8662510008434765
0.7132899991120212
0.8899690001271665
0.7045519996609073
2.022822998696938
0.2313149998371955
0.2961999998660758
0.4840679976041429
0.24004199804039672
0.33261600037803873
0.3520950012898538
0.23683100152993575
0.6085409986553714
1.1370610009180382
1.0111800002050586
0.9561469996697269
1.888110000436427
1.2536539979919326
1.8561409997346345
0.6100600003264844
0.34579599741846323
0.25243600248359144
0.2640429993334692
0.2924109976447653
0.3259269979025703
0.32489499790244736
0.3888279970851727
0.16159900042111985
0.5033900015405379
0.871340002049692
0.7236599994939752
0.7959890026540961
0.7022579993645195
0.5514529984793626
0.845639002363896
0.4087060005986132
0.23887899806140922
0.29552399792009965
0.3156649981974624
0.3194310011167545
0.3947389996028505
0.294059998850571
0.47772600009921007
0.37402400266728364
0.38061699888203293
0.29849199927411973
0.1748790018609725
0.26760000037029386
0.2605890003906097
0.7549109977844637
0.7569529989268631
0.4236759996274486
0.30204400172806345
0.42443200072739273
0.43689299855032004
0.299241000902839
0.29341899789869785
0.5642239993903786
0.8945820009103045
0.372105001588352
0.8091960007732268
1.2500619995989837
0.30994200278655626
0.35327099976711906
0.5381090013543144
0.33272000291617587
0.20616000256268308
0.39042799835442565
3.5231399997428525
0.4418239986989647
0.4750459993374534
0.7514380013162736
1.2028299970552325
0.40901999818743207
0.3536609983711969
0.6074599987186957
0.4322599997976795
0.4766590027429629
0.5014710004616063
0.5197979990043677
0.18341600298299454
0.37432200042530894
0.4667960020015016
0.38812200000393204
1004.71683700016
1005.9363920008764
1005.3350999987742
1006.0350269995979
1006.6731689985318
1006.7222910001874
1007.127181001124
1007.3742620006669
1007.7773310003977
1008.1343999991077
1008.2266560020798
1008.7351020010829
1009.1517910004768
1009.5030539996515
1009.9918619998789
1010.2498489977734
1010.7446469992283
1011.5242969986866
1011.5679209993687
1012.1970290019817
1013.3479399992211
1012.4276729984558
1014.0564939974865
1013.0640100032906
1020.1138949996675
1020.7803769990278
1013.8880749982491
1021.6693910006143
1014.4369629997527
1022.2317100015061
1014.9207009999373
1015.3240779982298
1016.9596690029721
1017.3482499994861
1017.7629229983722
1018.1547040010628
1018.5967959987465
1019.1181410009449
1019.6328230013023
1020.0293730013072
1020.4222310021578
1020.7639889995335
1021.1074750004627
1022.9304019994743
1023.4199570004421
1023.6146259994712
1012.8284740021627
1013.135640998371
1014.5143310001004
1015.0480320007773
1016.7227230012941
1017.1876570020686
1018.095761002769
1018.3297190014855
1018.7205740003265
1019.3416399997659
1019.649017998745
1019.9550569996063
1020.2899520008941
1020.6009229987103
1020.9836959984386
1021.3122749992181
1021.7023810000683
1022.0278909982881
1022.371271999873
1025.5828210028994
1025.8052280005359
1026.0937430030026
1.2417180005286355
1.308120998146478
1.6041550006775651
1.1242410000704695
1.2691049996647052
0.8742280006117653
1.2126929977966938
1.3147390018275473
0.4043749977427069
0.7342440003412776
1.252944999578176
0.43477999861352146
0.7449190015904605
1.0538489987084176
0.8026509967749007
0.6518529989989474
1.0191219989792444
0.8423720028076787
0.8855509986460675
0.2223090014012996
0.3454059988143854
0.2794190004351549
0.2784789976431057
0.4381639992061537
0.159760002134135
0.4310850017645862
0.2580719992693048
0.21887899856665172
0.3040529991267249
0.44506199992611073
0.34475499705877155
0.2842249996319879
0.5256320000626147
0.8868959994288161
0.7749649994366337
0.7684759984840639
0.449740000476595
1.8503019964555278
1.527829997939989
1.208679997944273
1.7161870018753689
0.3108549972239416
0.1599669994902797
0.4389339992485475
1.1539320003066678
0.9431140024389606
0.514023002324393
2.6436300031491555
0.4786969984706957
0.344885000231443
0.25325900060124695
0.5215900018811226
0.2837080028257333
0.4906649992335588
0.7058070004859474
0.2223410010628868
0.4718829986813944
0.30561799940187484
0.3583170000638347
0.42469800246180966
0.38989500171737745
0.9600419980415609
0.545518003491452
0.7736429979559034
0.6692980023217387
1.0387119982624426
0.3995280021626968
0.6200909992912784
0.28785699760192074
0.4198379974695854
1023.9566169984755
1023.9197169976251
1023.8454620011908
1024.4662379991496
1025.0198199973966
1025.081676998525
1026.3258920022054
1027.1811669990711
1025.9562749997713
1026.593246999255
1028.0785059985647
1028.5737490012252
1027.5189990024955
1028.0519769985403
1029.3387439996877
1027.4010199973418
1029.9151159997564
1028.6045360007847
1031.0582220008655
1030.6605270016007
1031.6525409980386
1031.2560249985836
1032.005149001634
1032.3341399998753
1031.1302349982725
1031.5644790025544
1031.2332030007383
1032.21421499984
1032.743114999903
1033.0485009981203
1.9111220026388764
1.9001719992957078
1.829392000217922
2.169579001929378
1.6753689997131005
1.512912000180222
1.4898709996487014
2.177851001761155
2.0615080029529054
1.8604370015964378
1.704557998891687
1.2969829986104742
1.6288100014207885
1.289018997340463
1.707491999695776
1.295685000513913
0.8450119967164937
0.49571799900149927
0.35159699837095104
0.24996900174301118
0.44972699834033847
0.4023450019303709
0.6955680000828579
0.4492839980230201
0.6687230015813839
0.3139040018140804
0.3262129976064898
0.9758250016602688
1.2208749976707622
1.0689609989640303
0.8901359979063272
1.0469109984114766
0.904286000150023
0.8577400003559887
0.918819998332765
0.7517129997722805
0.77693400089629
0.5968739969830494
0.20620799841708504
0.5513380019692704
0.27037000108975917
0.15630599955329672
0.5488909991981927
0.47904700113576837
0.4972690003341995
0.6065669986128341
0.4581079992931336
0.45485499867936596
0.33504200109746307
0.25704599829623476
1.001745000394294
0.9428159974049777
0.8822010022413451
1.3632980007969309
1.2904930008517113
1.3750060024904087
0.35943800321547315
0.2781330003926996
0.3548820022842847
0.3714159975061193
0.2691870031412691
1.9382160025998019
1.6183069965336472
2.5608910000300966
1.751190000504721
2.912091000325745
1.363906998449238
2.6015149996965192
1.668822002102388
2.515457999834325
2.903164000599645
2.562629000749439
1.5041160004329868
2.660238998942077
1.5010060014901683
1.1509249998198356
2.4017110008571763
1.2536889989860356
1.0927040020760614
0.3295699971204158
0.2720040029089432
0.328946000081487
0.3463040011411067
0.2906320005422458
0.31746300010127015
1.1040380013582762
1.0393840020697098
0.9955080022336915
1.4419639992411248
0.8234369997808244
1.190912997117266
0.9190929995384067
0.9543429987388663
0.88674100334174
0.8324980008183047
2.8122010007791687
2.60755099952803
2.547001000493765
2.222850001999177
2.923646999988705
0.3066690005653072
0.3399760025786236
0.43251099850749597
0.2864960006263573
0.7383670017588884
0.6761829972674605
0.7256000026245601
0.6254510008147918
1.200864997372264
1.2869790007243864
0.5305980012053624
0.6457389972638339
0.4066840010636952
0.8409250003751367
0.7298460004676599
0.6616350001422688
0.3211170005670283
0.20886700076516718
0.2924050022556912
0.420340002165176
0.4479320014070254
0.6001349975122139
0.4376380020403303
1005.8303400001023
1005.5637700024818
1005.9798180009238
1007.083311000315
1006.3937589984562
1007.8669489994354
1006.9269029991119
1008.3637250027095
1007.4130579996563
1008.9415530019323
1007.9653219981992
1009.5197820010071
1009.089313000004
1009.4843699989724
1010.3124720008054
1011.0079379992385
1010.2342909995059
1011.9269939968945
1010.9764629996789
1012.6252619993465
1011.5854030009359
1013.1761459997506
1012.1056899988616
1013.7653689998842
1013.0316930008121
1018.1969439981913
1014.6852299985767
1013.9322470022307
1014.4375380004931
1015.6408619986905
1015.043510000396
1017.0832409967261
1015.6670040014433
1017.6942529978987
1016.2400310000521
1018.2516420027241
1016.7282649999834
1019.264242000645
1019.7081750011421
1017.7729560018633
1020.4106960009085
1018.805085997883
1021.000347998779
1019.3978259994765
1019.8255319992313
1021.7643969990604
1020.435884998733
1022.438455001975
1021.0334100011096
1023.0969129988807
1021.6079340025317
1023.6426900009974
1022.0442730023933
1024.41757500128
1022.4167369997303
1026.7859599989606
1022.8239579992078
1027.2875929986185
1023.2637370027078
1027.6197550010693
1028.00434099845
1024.312124998687
1024.6017110002867
1025.079030998313
1025.5545740001253
1025.8978029996797
1026.2025049996737
1027.5616530016123
1027.8975479996006
1028.3193540017237
1028.7186079985986
1021.9988759999978
1022.3811789983301
1023.6069799975667
1026.053208999656
1028.4087369982444
1029.4755559989426
0.4391649999888614
0.5011239991290495
2.4008270011108834
2.4516269986634143
2.308759001607541
2.1964580009807833
1.9209650017728563
2.331791998585686
2.3486950012738816
1.9036269986827392
2.075824999337783
1.955839998117881
1.6882620002434123
2.0049560007464606
1.8931560007331427
1.5855079982429743
1.6777300006651785
1.974360999156488
1.5680479991715401
2.078041001368547
1.0954419994959608
1.5744429983897135
1.8805729996529408
0.8000050002010539
1.3531379991036374
1.1188210010004696
0.9264030013582669
1.1880630008818116
0.8500679978169501
1.1460959976830054
0.9203610024997033
0.635436997981742
0.8687630033819005
1.0779150034068152
0.4323939974710811
0.40150699715013616
0.2907449998019729
0.3099130008195061
0.2676309995877091
0.4906860012852121
0.2208580008300487
0.4514659995038528
0.24525399931007996
0.26411499857204035
0.33190699832630344
0.3765860019484535
0.4694009985541925
0.8704649990249891
1.206159999128431
1.3602950020867866
1.098860000638524
0.988319003226934
0.8954490003816318
0.8457250005449168
0.7024270016700029
0.6126609987404663
0.3605839992815163
0.37080300171510316
3.668353001557989
0.32656399707775563
0.25320599888800643
1024.877956999262
1023.609274001501
1024.055940000835
1024.3210819971864
1024.548211000365
1029.021307000221
1025.2187160003814
1029.8421980005514
1026.1558249985683
1026.5551439988485
1027.2061789983127
1027.553858999454
1027.9627010022523
1028.4046119995764
1027.6041330034786
1028.8647919987852
1029.4743260019459
1029.3451299985463
1030.1743840027484
1030.011889000889
1030.6195839984866
1031.0095029999502
1032.5345620003645
1028.2281940017128
1028.5474830016028
1028.925506001542
1029.2857839995122
1029.6324419978191
1029.9704390017723
1030.304593998153
1030.6379710018518
1030.9690850008337
1031.335757998022
1031.6771139987395
1032.030237998697
1032.3680129986315
1032.7497629987192
1033.0784199977643
1036.3646110017726
0.3409139972063713
0.4696060022979509
3.4056900003633928
3.16763000228093
3.522629998769844
3.871171000355389
3.268003998528002
2.8860270031145774
3.233720999560319
2.73249699966982
2.851425000699237
3.396759999304777
2.7926120019401424
2.4104389995045494
2.816109001287259
2.3221759984153323
2.191549003327964
2.863091001927387
2.642593000928173
2.3161739991337527
2.114251001330558
2.254623999760952
2.11826899976586
2.1441990029416047
1.8875749992730562
2.1900770007050596
1.7993740002566483
2.29361000310746
1.5931460002320819
1.5432110012625344
2.23601499965298
3.2157440000446513
3.4945469997182954
2.6340269978391007
2.9153190007491503
3.878653998981463
2.6391450010123663
3.5457929989206605
3.3756900011212565
3.0602420010836795
3.5336910004843958
2.042616000835551
6.636477999563795
6.905367998115253
2.03209500250523
0.7590969980810769
2.589979998447234
3.7428819996421225
2.250648001790978
0.8339250016433652
0.7196459991973825
0.5409930017776787
0.7575210001959931
0.3734300007636193
0.42997399941668846
0.3879709984175861
0.3975100007664878
0.43837200064444914
0.6180609998409636
0.4929589995299466
0.5885060018044896
0.5122030015627388
0.5462610024551395
0.944818999414565
0.8599499997217208
0.5672799998137634
0.39898600152810104
0.6452390007325448
0.9419380003237166
0.357162000000244
0.31304400181397796
0.3316100010124501
0.2859090018318966
0.2894530007324647
0.20476699864957482
0.21077099881949835
0.33530499786138535
0.24326000129804015
0.25311300123576075
0.28104699958930723
0.2851469980669208
0.2830459998222068
0.9991459992306773
0.9236730002157856
0.8827099991322029
0.9536580000713002
1.275938000617316
0.864595000166446
0.5884379970666487
0.8651800017105415
1.0956989972328302
0.35189499976695515
1.5982580007403158
1.3749719983024988
2.04665199998999
1.8936480009870138
1.2778950003848877
2.64993500240962
3.200464001565706
0.34617500205058604
1.4137559992377646
1.4155859971651807
1.170053998066578
1.4109000003372785
1.0198439995292574
0.9548480011289939
1.5073849972395692
1.251506997505203
2.1079459984321147
0.4667569992307108
0.39370599915855564
0.6246429984457791
0.4226630007906351
0.38359799873433076
0.5623850011033937
0.3759020000870805
0.36477899993769825
0.3279209995525889
1002.3676070013607
1002.2565059989574
1002.6034179973067
1006.9929550008965
1004.1952829997172
1002.9995929980942
1007.6023590008845
1003.2845179994183
1007.7488819988503
1003.7739860017609
1013.2517029996961
1013.8227790012024
1004.2100840000785
1015.5937789968448
1004.6892279970052
1004.9892980023287
1005.2948369993828
1005.0319049987593
1005.6154479971156
1006.086489000154
1006.4016639989859
1006.6850780021923
1007.1970690005401
1011.4003369999409
1007.8358840000874
1008.1521600004635
1008.4649739983433
1009.0655739986687
1010.0464350034599
1010.3706590016373
1013.9085679984419
1011.0413980000885
1009.1536250001809
1011.500757002068
1011.802434000856
1012.562492996949
1013.4325140024885
1013.751146998402
1014.8015729973849
1014.1843750025146
1013.0584709986579
1016.0104320020764
1015.388941999845
1016.3650839967886
1016.9260239999858
1018.1537450007454
1017.6091430002998
1018.5022439982276
1008.0083280008694
1018.0326070003503
1016.1822839982051
1020.1247170007264
1013.4017310010677
1009.1243880015099
1009.4192500000645
1009.7480900003575
1010.1275020024332
1010.4410060012015
1010.802312001033
1011.3247000008414
1011.6615330007335
1012.1443179996277
1012.6786369983165
1011.4407319997554
1014.2628070025239
1015.0332449993584
1015.5884730011167
1016.459082999063
1016.8108249999932
1017.0889030014223
1017.4097140006779
1016.2182190033491
1017.764549000276
1018.1483790001948
1018.4892489996855
1020.250378001947
1021.1233850022836
1020.7803109988163
1021.8374639989634
1019.3433690001257
1016.0807710017252
1015.4042850008409
0.43060000098193996
0.4312700002628844
0.47552300020470284
0.32516999999643303
0.4327729984652251
0.5778189988632221
0.42509899867582135
0.3718309999385383
0.3432520024944097
0.3638220005086623
3.3065940006054007
3.4487840021029115
3.4218340006191283
3.202833002433181
2.8979920025449246
2.8323480000835843
3.1627399985154625
2.865229998860741
2.7415080003265757
2.585895999800414
3.913378997822292
2.9099489984218962
2.4202990025514737
3.8536549982381985
2.8074100009689573
2.875293997931294
2.507460998458555
2.4452929974358995
2.784730000712443
2.4535349984944332
2.2632840009464417
2.4826949993439484
1.7141770003945567
2.455062000080943
2.264294002088718
0.7108089994289912
0.6714240007568151
0.5483620006998535
0.38685399704263546
0.541176999831805
0.830621000204701
0.28542200016090646
0.41657900146674365
0.39906700112624094
0.47024100058479235
0.5696680018445477
2.190718998463126
2.23448799806647
2.713522997510154
2.2258790013438556
9.413816998858238
0.28430699967429973
0.571257001865888
0.45278399920789525
0.5390650003391784
0.3148440009681508
0.6818340007157531
0.34109600164811127
1002.6373629989394
1002.7958550017502
1002.8385680016072
1003.3865210025397
1003.742651999346
1004.1733119978744
1004.1797220001172
1027.394622000429
1027.4497450009221
1028.1148459980614
1028.768553998816
1029.5447559983586
1031.9294069995522
1032.6799359972938
1033.7490860001708
1034.4414120008878
1035.0320680008736
1035.7969889992091
1036.2195870002324
1036.6250349979964
1037.2732390023884
1038.501899001858
1038.9111029980995
1039.3598689988721
1039.9632320004457
1040.450062999298
1033.7919100020372
1034.143494998716
1034.5000919987797
1035.1053250014957
1034.878556001786
1036.8291579979996
1037.33082799954
1036.7312079979456
1038.1947669993679
1038.0133719991136
1039.6193059968937
1038.7143419975473
1040.657404002559
1041.0622980016342
1041.903444001946
1041.6743860005226
0.4350689996499568
0.4332899989094585
0.7704889976594131
0.32913900213316083
0.5336089998309035
0.4189749997749459
0.5627169994113501
0.4874949991062749
0.3832439979305491
0.2955230011139065
0.37769800110254437
0.5351639993023127
0.41068300197366625
0.7101920018612873
0.4844089999096468
0.5728010000893846
0.44917500053998083
0.5090790000394918
0.35746899811783805
0.6244809992494993
1.1255340032221284
1.1861629973282106
0.8526069977961015
1.0536310001043603
0.7868630018492695
0.6972699993639253
0.5974309970042668
0.502208000398241
0.23512500047218055
0.3692049976962153
0.2750040002865717
0.24024899903452024
0.2945870000985451
0.32014599855756387
0.3971289988839999
0.2570239994383883
0.3005250000569504
0.2052550007647369
0.4241499991621822
0.3610620005929377
0.42902999848593026
0.41068299833568744
0.9562489976815414
0.7107330020517111
0.8612609999545384
1.149612999142846
0.8181399971363135
0.6798840004194062
0.9597999996913131
0.48499699914827943
0.7990980011527427
0.32167300014407374
0.22082499708631076
0.31242800105246715
0.3631650033639744
0.2282170025864616
0.27193000278202817
0.29970600007800385
0.3335820001666434
0.31862600008025765
0.2351709990762174
0.3990439981862437
0.1828579988796264
0.1797700024326332
0.22510200142278336
1.1667870021483395
1.078777997463476
0.9069890002137981
1.3878729987482075
1.5675489994464442
1.0420790022180881
1.33027499759919
0.815786999737611
0.9674399989307858
1.1771760000556242
0.7008190004853532
0.966858999163378
0.27364199922885746
0.24126499920384958
0.24233800286310725
0.2504540025256574
0.35068700162810273
0.392817997635575
0.8542169998690952
0.588112001423724
0.8891630022844765
0.721303000318585
2.2009189997334033
1.933522002218524
1.5952290013956372
2.4169420030375477
2.02714199986076
1.8615879998833407
2.264492999529466
0.6928990005690139
0.9736850006447639
0.9419179987162352
0.8705000000190921
1.4461089995165821
0.618425001448486
0.27875600062543526
0.25972200091928244
0.20846600091317669
0.9774599966476671
0.5111569989821874
0.5064439974376
0.43555799857131205
0.4438899995875545
0.5104709998704493
0.2121379984600935
0.441391999629559
0.36839600215898827
0.33935900137294084
0.1629879989195615
0.23778300237609074
1004.3569310000748
1004.5062369972584
1007.3344720003661
1005.0798350021068
1008.0616480008757
1008.5531559998344
1005.8553550006764
1009.0877040020132
1010.1664939975308
1006.6172420010844
1010.8409319982457
1007.251623999764
1011.4593219987
1008.14824400004
1016.1900269995385
1009.3788170015614
1016.8979949994537
1019.069407000643
1010.5170169990743
1019.8631139974168
1011.1897770002543
1021.381440001278
1022.3397560002923
1012.3569600000337
1012.7737510010775
1013.2259239981067
1013.6898460004886
1014.1705050009477
1014.6478079986991
1014.9695179970877
1015.2774890011642
1015.6358429994725
1016.1248719996365
1016.5764020021015
1017.1338969994395
1017.7946160001738
1018.197567002062
1018.5768939991249
1019.042415999138
1019.413247002376
1019.9419040000066
1020.4191810007615
1020.8357459996478
1021.28484199784
1021.8742409997503
1022.7280380022421
1023.1139429997711
1023.6104629984766
1024.1496700000425
1026.1467460004496
1026.8738099985057
1026.742545000161
1013.6405160010327
1014.0236160004861
1014.4223799979954
1014.920287001587
1015.1769559997774
1015.8115030026238
1015.4366360002314
1016.5028379997239
1016.7818059999263
1017.0526060028351
1018.5235409990128
1019.0637500018056
1020.6701640017855
1020.9976540027128
1021.3510770008725
1021.8258070017328
1022.2899790023803
1022.6751710033568
1022.9989350009419
1023.3560739980021
1023.6972480015538
1024.0672560030362
1024.4626099993184
1024.8990139989473
1025.2198119997047
1026.8033579995972
1027.1804709991557
1027.580874000705
1028.0014230011147
1028.6145380014204
1029.854117998184
1030.3766959987115
1030.7608539987996
1.4748499997949693
1.2744270024995785
1.6489539993926883
0.7257670004037209
1.3392119981290307
1.587650000146823
1.1500260006869212
2.195820001361426
1.4199450015439652
2.1260620014800224
1.876480000646552
1.559891999932006
1.4715299985255115
1.4746770029887557
1.3832169970555697
0.9943479999492411
1.0104850007337518
1.263206999283284
1.5122129989322275
0.8575899992138147
0.5246290020295419
0.23693700131843798
0.3711680001288187
0.4183099990768824
0.39560299774166197
0.33859299946925603
0.1847200001066085
0.28752899743267335
0.40385500324191526
0.26944400087813847
0.59989500005031
1.3829249983245973
0.915118998818798
1.2848000005760696
1.4022100003785454
1.5179930014710408
0.9218609993695281
1.3849620008841157
0.7875910014263354
1.107323001633631
0.8832640014588833
0.7136109998100437
0.5546129978029057
2.0605969984899275
2.305330002855044
1.9789460020547267
2.100380999763729
2.152811000996735
2.089181998599088
1.9194889973732643
2.059541999187786
1.7573010009073187
1.9565709990274627
1.6822249999677297
1.904400996863842
4.719825999927707
3.93145700218156
3.518689001793973
4.256754997186363
4.198188998998376
3.9418460000888444
0.7995399973879103
0.4913019984087441
0.2855060010915622
0.45983900054125115
0.5892359986319207
0.553756002773298
1019.6324050011754
1019.6466670022346
1020.0891060012509
1021.1470860012923
1021.434512000269
1022.0145690000209
1022.453776000475
1023.0577719994471
1023.4820089972345
1023.9730440007406
1021.7733110002882
1023.9245680022577
1024.3812190019526
1025.1139079991844
1026.751866000268
1027.2554279981705
1027.687097001035
1027.9945649999718
1028.4022979976726
1031.943271002092
1027.5176020004437
1027.9968939976243
1029.2985559972294
1033.0897040003038
1024.2893030008418
1026.8053549989418
1027.9286459990544
1028.6619959988457
1029.407482001261
1029.8118899991096
1030.4360059999453
1030.909987999621
1031.5847019992361
0.9880159996100701
0.7331519991566893
0.7398200032184832
0.676155999826733
0.4192079977656249
1.2754220006172545
1.3268609982333146
0.8469400017929729
0.398840998968808
0.4815400025108829
0.40546599848312326
0.3353869979036972
0.3326819969515782
0.43182599983992986
0.20816499818465672
0.264505000814097
0.6477099996118341
0.23529499958385713
0.10447800013935193
0.28095399829908274
0.9514310004306026
0.9215259997290559
0.7390589998976793
0.536219999048626
0.7627289996889886
1.0695940000005066
0.8891780016710982
0.7363119984802324
0.5742050016124267
0.22420199820771813
0.2564230017014779
0.391744000808103
0.3484110020508524
0.517348998982925
0.38771900290157646
0.4411910013004672
0.2727699975366704
0.2751930005615577
0.3231350019632373
0.23411599977407604
0.4008530013379641
0.20219699945300817
1.047802001266973
1.0372609976911917
0.9735530002217274
0.9522729997115675
0.9450500001548789
1.3533259989344515
1.6995599980873521
0.629221998678986
0.3915350025636144
0.4360630009614397
0.38854599915794097
0.27669300106936134
1.701810000668047
1.7128860017692205
1.9555010003386997
2.2165880000102334
1.7822749978222419
1.5338800003519282
1.6874290013220161
1.367070999549469
1.456868998502614
2.2247480010264553
1.5359399985754862
1.3448499994410668
1.2217300027259625
1.6408259980380535
2.2313350018521305
1.0080489992105868
0.7080479990690947
0.27750400113291107
0.3213029995094985
0.31908800156088546
0.2860349995899014
0.37042999974801205
0.31332399885286577
0.25535500026308
0.6097790028434247
4.889202002232196
1.2003060001006816
1.073241997801233
1.3405549980234355
1.2636440005735494
1.1447110009612516
1.1081369993917178
0.7844480023777578
1.0465580016898457
0.8985309978015721
0.8144589992298279
0.22571799854631536
0.536830000783084
0.32176400054595433
0.3403629998501856
0.44733400136465207
0.4183950004517101
0.335426000674488
0.6239870017452631
0.14570599887520075
3.8503670002683066
0.20533700080704875
0.43179500062251464
0.27060499996878207
0.2788070014503319
0.395480001316173
0.36222400012775324
0.8570540012442507
0.15662000078009441
0.5197530008445028
1.1276320001343265
1.0046509996755049
0.9718820001580752
0.444175999291474
0.575645000935765
0.5375490000005811
0.49994199798675254
0.5350430001271889
0.5031410000810865
0.2671709989954252
1007.2024760011118
1007.5625409990607
1007.9818689991953
1011.238802002481
1011.6682339976251
1008.7871840005391
1014.4069340021815
1009.2713660014851
1015.7798050022393
1009.8644879981293
1021.6122019992326
1015.8528969986946
1010.5738210004347
1011.0171930027718
1011.390253999707
1011.8255239976861
1012.3690599975816
1012.8404259994568
1013.3194950030884
1013.8060270001006
1015.7571640011156
1016.2046089972137
1015.7935659990471
1016.7988450011762
1018.0197860026965
1017.4122160024126
1018.9565300024697
1018.7941650001449
1019.4740260012622
1020.3042320026725
1020.7236520000151
1022.6237909992051
1023.0605579999974
1025.089371996728
1025.5372139981773
1025.9174669990898
1026.3388450002822
1026.6874749977433
1027.3121379977965
1027.6530139999522
1028.0022070000996
1028.3499319994007
1029.2821799994272
1028.7435969985381
1014.7266120002314
1029.558353999164
1015.0814369990258
1015.4522560005717
1015.9011530013231
1016.2435170022945
1016.7928539995046
1017.0875500007241
1017.4262619984802
1017.7875830013363
1018.1327380014409
1018.5915640031453
1019.227917000535
1019.9666830012575
1020.3530459984904
1020.7285940014117
1021.100349000335
1021.4423940014967
1021.6339919970778
1022.3160370005644
1023.8230409995595
1024.3624309987354
1026.0502599994652
1026.3096509988827
1027.3226210010762
1028.1152540010225
1028.4399339980155
1028.806739999709
1029.115590001311
1029.774123999232
1030.0833279979997
1030.3831519995583
1030.684369001392
1031.0867710031744
1031.4048770014779
1031.7337309970753
1031.9708319984784
0.40804099990054965
0.423202000092715
0.4736499977298081
3.456095000728965
3.411353001865791
3.3575490015209652
2.9536260008171666
3.4474439999030437
3.2694510009605438
3.5750789975281805
2.870799002266722
3.219498001271859
3.228574998502154
2.6892099995166063
2.9760190009255894
2.725677000853466
2.303009998286143
2.809823999996297
4.013562000181992
2.553821002948098
2.9432199989969376
1.9431910004641395
3.0649939981231
3.0563079999410547
3.7129459997231606
1.8220839992864057
2.8149299978394993
4.395072999614058
3.197304999048356
1.825276998715708
0.8120390011754353
0.3774010001507122
0.3751740005100146
1.5047090018924791
1.7528889984532725
0.882285999978194
1.8806529988069087
1.261754001461668
1.6665600014675874
1.8008940023719333
0.9939960000338033
0.5924670003878418
0.4295310027373489
2.7114990007248707
2.273493999382481
3.3301349976682104
0.3959360001317691
0.4127889988012612
0.3152839999529533
0.31161100196186453
0.7768450013827533
0.8022780020837672
0.564132998988498
0.7063650009513367
0.9615070011932403
0.20853000023635104
0.3059009977732785
1024.1981850012962
1023.215657001856
1023.5770210019837
1025.4984200000763
1024.2794139994658
1024.6883840009104
1024.5083210029406
1026.1531500000274
1025.251451999793
1025.90983600021
1025.673823998659
1026.0816489972058
1026.771003002068
1027.573309998843
1027.9646689996298
1028.283776002354
1028.88568599883
1028.9637159985432
1029.5793029981724
1029.5797530015989
1030.1930459972937
1030.2247899999202
1030.7561490008084
1031.5592709994235
1031.3186739986122
1032.1911060018465
1031.940882003255
1032.7691530001175
1033.1868559987925
1032.7044720033882
1033.760832997359
1033.6166579982091
1034.9493229987274
1034.5179779978935
1034.7996609998518
1030.8545230000163
1031.6559170023538
1032.4109709981713
1033.4930080025515
1033.9652830007253
1034.4218519967399
1035.8171490006498
1036.5456949984946
0.3504349988361355
0.4654629992728587
0.7210370022221468
0.3776820012717508
0.2997739975398872
0.2646729990374297
0.2687899977900088
0.37797500044689514
0.4547729986370541
0.19821699970634654
0.5473559976962861
0.32683400058886036
0.44508299833978526
0.40895299753174186
0.30516599872498773
0.4525539989117533
0.35541200122679584
0.2615830017020926
0.8633710021968
0.9037799973157234
0.8625689988548402
0.8679249986016657
1.216648997797165
0.7937420014059171
0.6207740007084794
0.6055900012142956
0.9615579983801581
0.5462990011437796
0.3578300020308234
0.3837589974864386
0.20119100008741952
0.38381000194931403
0.2915639997809194
0.1985969975066837
0.299281000479823
0.4034570010844618
0.25119999918388203
0.5987429976812564
0.281702999927802
0.21870899945497513
1.3229349970060866
0.41702900125528686
0.6561120026162826
0.6823709991294891
0.2948359979200177
0.6582020032510627
0.703918998624431
0.3431940021982882
0.33507800253573805
0.21734800247941166
0.26929399973596446
0.2557360021455679
1.3376419992709998
0.7584660015709233
0.5064940014563035
1.0065649985335767
0.5880579992663115
0.5579889984801412
0.48151200098800473
0.7118030007404741
0.5188200011616573
0.41363900163560174
0.4018099971290212
0.26248200083500706
0.24913200104492716
0.1938780005730223
0.533014001121046
0.4603529996529687
0.42365600165794604
0.2240089997940231
0.18234800154459663
0.720998999895528
0.49716600187821314
0.38191999919945374
0.21506200209842063
0.3420020002522506
1.0253630025545135
0.96243699954357
0.7773640027153306
0.7339740004681516
0.7116609995136969
1.3715559980482794
1.275901999179041
0.8674290002090856
0.7737960004305933
0.32376799936173484
0.2680670004338026
0.35435699828667566
0.25350199939566664
0.3099210007349029
0.2577480008767452
1.7696550021355506
0.5975029998808168
1025.8199149975553
1026.0939500003587
1026.8587840000691
1026.8878909992054
1026.750182001706
1027.0660000023781
1027.7290859994537
1.233306000358425
2.3292900004889816
2.3020679982437287
2.2530679998453707
2.0127549978496972
2.4971359998744447
1.0468750006111804
1.5144630015129223
1.0209030006080866
0.5222889994911384
0.559595999220619
1.0817019974638242
1.0094440003740601
0.8461539982818067
0.7490319985663518
0.593566001043655
0.44636500024353154
0.4938809979648795
3.2412119981017895
2.863860998331802
2.6687749996199273
3.493347998301033
2.9559249996964354
2.732320997893112
2.5285640003858134
2.725098998780595
2.942708000773564
2.359509002417326
1.4518540010612924
3.02609400023357
2.9189779997977894
2.3633429991605226
1.5730710001662374
1.2159510006313212
1.814103001379408
0.7507890004490037
0.7902889992692508
0.9310659988841508
0.7915829992271028
0.7842309969419148
0.7303550009964965
0.4919070015603211
0.6841389986220747
0.88610099919606
0.5364570024539717
0.3109839999524411
0.3053679974982515
0.31425599809153937
0.3517049990477972
0.2291509990755003
0.4218989997752942
0.6553259991051164
0.5732669997087214
0.7135369996831287
0.48186900312430225
0.7210259973362554
0.4963809988112189
0.864895002450794
0.5751179996877909
0.8147370026563294
0.6260049995034933
0.789905996498419
0.6563399983861018
0.5957940011285245
0.48176600103033707
0.2141190016118344
0.5334140005288646
0.3683199975057505
0.33250699925702065
0.713451998308301
1.9836070023302455
1.7316400007985067
1.6491749993292615
1.5925190018606372
1.5142449992708862
2.3351300005742814
1.7355949967168272
1.0318180029571522
1.3335560033738147
1.747641003021272
1.461099000152899
1.2510300002759323
2.5591070007067174
1.344461998087354
0.8249970014730934
0.33191299735335633
1.2292530009290203
0.4658839970943518
0.4095980002603028
0.3718109983310569
0.6808159996580798
0.3123809983662795
2.329009999812115
0.4784849988936912
0.7865980005590245
0.42926699825329706
1.003311997919809
1.197651003167266
0.8529160004400183
0.3022359996975865
0.4485120007302612
0.3480359991954174
0.5735859995184001
0.3437979976297356
0.4144990016357042
0.6261859998630825
0.7378250011242926
0.6154570000944659
0.40999800330610014
0.4725759972643573
0.19251299818279222
0.40031300159171224
0.3043060023628641
3.2764389980002306
3.1567969999741763
3.3142530010081828
3.033075998246204
2.7969990005658474
3.115624000201933
3.065287000936223
3.5435389982012566
2.9814019981131423
2.746491998550482
2.9497110008378513
2.5743950027390383
2.1536690001084935
2.6448289972904604
2.0573590009007603
2.449531999445753
2.809787998558022
2.0544469989545178
1.8103530019288883
2.287599996634526
2.0929720012645703
2.695712999411626
3.726312002982013
1.904659999127034
1.8933540013676975
1.6814369992061984
1.5384809994429816
1.3467630014929455
1.1593669987632893
0.3105989999312442
0.36936600008630194
0.28588200075319037
0.44461900324677117
0.3283669975644443
1005.2881439987686
1003.0439469992416
1002.9231350017653
1003.4617700002855
1004.3064679994131
1004.1962440009229
1004.3350829982955
1005.1483019997249
1004.8376339982497
1006.0736289997294
1005.6437409984937
1006.9414240024344
1009.4660600007046
1006.9736200020998
1007.3990719974972
1007.9830899994704
1009.3288810021477
1008.8634450003156
1011.1238049976237
1013.5061540022434
1010.4147389974969
1014.8352620017249
1011.0534509985882
1011.5053910012648
1012.2117899991281
1012.8247409993492
1013.4018550015753
1013.8289540009282
1014.2066430016712
1014.6324380002625
1015.0328139970952
1015.4423510030028
1015.8900219976204
1016.3345319997461
1016.5833630017005
1011.5690999991784
1011.9542739994358
1012.6176640005724
1012.8647750025266
1013.6322599973937
1013.9322069990158
1014.2402739984391
1014.5578760020726
1015.1542329986114
1015.4679920015042
1015.6985329995223
1016.3089640009275
1016.6189350020431
1016.9755030001397
1017.3362709974754
1018.2537250002497
1018.3986910014937
1018.8515320005536
2.3342979984590784
1.9437619994278066
2.232876999187283
1.6668329990352504
1.8909270002041012
1.4185389991325792
2.4552350005251355
3.084214000409702
1.9873070014000405
1.597760998265585
1.3943099984317087
2.289394000399625
1.8175739969592541
1.478481000958709
0.901423001778312
0.3688440010591876
0.627957000688184
1.3061909994576126
1.2018829984299373
1.062635001289891
1.3568140020652208
0.9994249994633719
1.7906020002556033
1.5660859971831087
0.7756470004096627
1.2775620016327593
0.3655200016510207
0.9100340030272491
0.47114699918893166
0.3131850025965832
0.31241000033332966
0.32625599851598963
0.6556070002261549
0.7491270007449202
0.6465040023613255
0.8843959985824768
0.6396429998858366
0.9788819988898467
2.1744490004493855
1.4277970003604423
1.7859180006780662
2.2850570021546446
0.3616009998950176
0.2951460010081064
0.25986200125771575
1.0294200001226272
0.91763000091305
0.9002160004456528
0.9569409994583111
0.629031997959828
0.5888090017833747
0.5089799997222144
0.3130810000584461
0.34086499726981856
0.44027900003129616
0.18299299699719995
0.41834199873846956
0.3465869995125104
0.38913100070203654
0.4420359982759692
0.6308529991656542
0.4696500000136439
0.853727000503568
3.5560780015657656
0.5989780001982581
0.7234250006149523
0.4181849981250707
0.32512799953110516
1.0787510000227485
1.2586100019689184
1.4640459994552657
1.130242999352049
0.8957169993664138
1.122393998230109
0.7271419999597128
0.9740079985931516
0.6979190002311952
0.8968830006779172
0.3384339979675133
0.15332999828387983
0.47065600301721133
0.4387119988678023
0.19744100063689984
1022.9636869989918
1023.2006320002256
1023.599298998306
1024.0769070005626
1023.8749800009828
1024.5958180021262
1024.4198299988057
1024.679379999725
1025.1710439988528
1025.4661260005378
1025.450852997892
1026.171091998549
1025.9023319995322
1026.5930050009047
1027.253483000095
1026.938032999169
1027.2586470018723
0.24675500026205555
0.43998099863529205
0.5756320024374872
0.4621379994205199
0.7802840009389911
0.9629529995436314
0.5775259996880777
0.2905250003095716
0.43060999814770184
5.892571000003954
5.850251000083517
5.632393000269076
5.275374998745974
5.718417000025511
4.837764001422329
5.142506000993308
6.65925900102593
4.839486999117071
5.958968999038916
4.491079998842906
4.77378600044176
4.3697379987861495
5.700841000361834
4.336395999416709
4.944905998854665
4.105931999220047
4.282764002709882
4.122559003008064
4.053949000081047
4.732970999612007
4.109613997570705
5.264240000542486
4.036359998281114
4.281858000467764
4.446258997631958
4.145281000091927
4.02951200157986
3.313791999971727
3.3873959982884116
2.5999680001405068
4.254337000020314
2.7166979998582974
1.6370320008718409
1.1455880012363195
0.8266669974545948
0.7938959970488213
0.687749998178333
1.8666870018932968
1.797138000256382
1.7881160019896924
1.6838809970067814
1.681715999438893
0.8682669977133628
0.4371050017653033
1.5505039991694503
0.5996290019538719
0.4531999984465074
0.4169040003034752
0.2328750015294645
0.6004739989293739
0.5696860025636852
0.4439100011950359
0.3560129989637062
0.47595700016245246
0.32243700115941465
0.3396070023882203
0.3679830006149132
0.2516230015316978
0.3065939999942202
1.2931080018461216
1.3211149998824112
1.0594140003377106
1.3055790004727896
1.2922789974254556
0.9061849996214733
1.3112680026097223
0.9130760008702055
1.4758059987798333
0.8498070019413717
1.2769899985869415
0.5207549984334037
0.485274002130609
0.2827850003086496
9.50032200125861
9.537181998894084
9.469128999626264
9.647891998611158
9.52341499942122
9.468804000789532
9.4518980004068
9.418370002094889
9.399788999871816
9.298835997469723
9.363473000121303
9.181223998893984
9.138000001257751
9.112347001064336
9.095630997762782
9.07083399943076
8.524447999661788
