0.5231169998296537
0.2604609981062822
0.16076999963843264
0.8052609991864301
0.31244199999491684
0.32702600219636224
0.2954520023195073
0.48374299876741134
0.2673759991012048
0.17566399765200913
0.3176809987053275
0.2648289992066566
0.27484299789648503
0.4146350001974497
0.3974009996454697
0.34122299985028803
0.273622998065548
0.43727199954446405
0.47485899995081127
0.3176220016030129
0.25141500009340234
0.391440000385046
0.398075000703102
0.40174400055548176
0.360436002665665
0.23705400235485286
0.5378450005082414
0.30494100064970553
0.1883690019894857
0.2205359996878542
1.9443400015006773
4.80459399841493
1.068661000317661
0.95313299971167
0.6924930021341424
0.8733280010346789
0.542353001947049
0.44909200005349703
0.8694409989402629
0.41007300023920834
0.19496100139804184
0.5125389980094042
0.2763320007943548
0.5430960009107366
0.5939580005360767
0.2916429984907154
0.23895699996501207
0.35340000249561854
0.3685769988805987
0.1690579993010033
0.5503680004039779
0.2890720024879556
0.25335000100312755
1.2299720001465175
1.20611700185691
0.9196190003422089
1.1871100032294635
1.1796129983849823
1.1013140028808266
1.0188230007770471
1.0548729987931438
0.8874019986251369
0.8222270007536281
0.35203100196667947
0.29083199842716567
0.24516200210200623
0.3068019977945369
0.3667189994303044
0.28576199838425964
0.3303320008853916
0.3032019994861912
0.42927299728034995
1.7249390002689324
1.547806001326535
1.175771001726389
0.35780100006377324
0.3193780030414928
0.3512309995130636
0.33684499794617295
0.4218739995849319
0.33226800223928876
0.4324100009398535
0.4900960011582356
0.2425679995212704
0.590437000937527
0.23195999892777763
0.19871499898727052
0.23952199990162626
0.30192499980330467
0.3595349990064278
0.2732339999056421
0.37717500163125806
0.9281909988203552
0.8999660021800082
0.794968000263907
0.9751530014909804
0.8111510032904334
1.1659459996735677
0.6650079994869884
0.5173019999347162
0.4497109985095449
0.3208560010534711
0.4019619991595391
0.21103600010974333
0.35245400067651644
0.6077590005588718
0.7547720015281811
0.653733000945067
1.0353539983043447
0.6548630008182954
0.2462169977661688
0.27403700005379505
0.2685690014914144
0.3304269994259812
0.3017720009665936
0.2884070017898921
0.22467700182460248
0.20747900271089748
0.2179000002797693
0.3018669995071832
0.282007000350859
0.3810799971688539
0.354152998625068
0.3712939978868235
0.24556100106565282
1.0457179996592458
0.8442309990641661
0.828985997941345
0.7591889989271294
1.562909998028772
0.8597020023444202
0.6870449979032855
0.7708690027357079
0.3270540000812616
0.33672499921522103
0.3610540006775409
0.39337000271189027
0.22421900212066248
0.20200200015096925
0.317358997563133
0.19515399981173687
0.5641169991577044
0.42288400072720833
0.35180199847673066
0.301224001304945
1.1304229992674664
0.7463889996870421
0.9996900007536169
1.0254939988953993
0.7014109978626948
0.8630099982838146
1.3439510003081523
0.2917499987233896
0.43400999857112765
0.3267399988544639
0.3180580024491064
0.2547669973864686
0.15102099860087037
1001.319175997196
1001.3394519992289
1002.018588998908
1002.3388279987557
1002.8602029997273
1003.5268520005047
1004.2947870024364
1005.1690929976758
1005.5233240018424
1003.6442060008994
1003.416401999857
1004.8112760014192
1029.7094239977014
1027.999133002595
1027.9465809981048
1028.3191070011526
1028.7794579999172
1028.7513119983487
1029.1472019998764
1029.8793010006193
1030.0305820019275
1031.089890999283
1031.5821590011183
1029.8847580015718
1029.5229080002173
1032.362843001465
1031.5019839981687
1030.4880919975403
1031.043025002873
1031.3511040003505
1033.1230419978965
1032.6855719977175
1034.4094850006513
1034.2371490005462
1032.7010410001094
1033.3691490013734
1034.6843110019108
1035.2437999972608
1034.2459670027893
1034.033707997878
1035.3168069996173
1035.7863069984887
0.6926490023033693
0.7467009963875171
0.2185440025641583
0.5450790013128426
0.32717999783926643
0.4143509977438953
0.3404809976927936
0.553916997887427
0.19002399858436547
0.25683499916340224
0.31053199927555397
0.27522000164026394
0.31717900128569454
0.23747299928800203
0.4624270004569553
0.3058520014747046
0.3233880015613977
0.7026429993857164
0.3582259996619541
0.3193709999322891
0.26762400011648424
0.3065979981329292
0.2093699986289721
0.2701960002013948
0.2909600007114932
0.25693800125736743
0.9379689981869888
0.2994450005644467
0.33380199965904467
0.3922950018022675
0.3308400009700563
0.19247299860580824
0.15096200149855576
0.5778580016340129
0.27945100009674206
0.34625999978743494
0.6439040007535368
0.45345899707172066
0.4264210001565516
0.6693950017506722
0.32298800215357915
0.21098999786772765
0.26287900254828855
0.7601979996252339
1.0998449979524594
0.9803690008993726
0.8602669986430556
0.816471001598984
0.7137140019040089
0.7148330005293246
0.7105059994501062
0.4366749999462627
0.21127099898876622
0.21180499970796518
0.32382499921368435
0.4075899996678345
0.33204499777639285
0.3979280008934438
0.4501009971136227
0.21044700042693876
0.3046329984499607
0.5117309992783703
0.48253999921143986
0.3861619989038445
0.3342140007589478
0.938376000704011
0.9227239970641676
1.2991489966225345
0.9597560019756202
0.5232600015006028
0.6999219986028038
1.4381140026671346
1.0922239998762961
1.088949000404682
0.19667800006573088
0.6902860004629474
0.43435200132080354
0.23674600015510805
0.6555420004588086
0.3737150000233669
0.33374700069543906
0.2939929981948808
0.283420999039663
0.2924580003309529
0.2428170009807218
0.25590699806343764
0.3972349986725021
1.1563890002435073
1.0899209992203396
1.255276998563204
1.4307270030258223
1.6326980003213976
1.7725629986671265
1.2668019990087487
0.19182500182068907
0.9552150004310533
3.663061001134338
2.7329059994372074
0.7094190004863776
1.4603269992221612
0.3544369974406436
0.33873899883474223
0.4583119989547413
0.5467490009323228
0.19327299742144533
0.5267529995762743
0.2692499983822927
0.2834879996953532
0.6561850022990257
0.2059479993476998
0.29862399969715625
0.2556219988036901
0.5636519999825396
0.7078609996824525
1.1023350016330369
1.238082997588208
1.5060379992064554
1.757025998813333
1.1528709983394947
2.2216950019355863
2.492861000064295
1.688435997493798
2.729365001869155
2.7941700027440675
2.4772760007181205
3.232734998164233
2.346891000343021
3.488112000923138
2.2630219973507337
3.4009099981631152
2.8838899997936096
3.9184990018839017
2.9106860019965097
3.94331799907377
4.072996001923457
3.26932499956456
2.0177220030745957
1.6222269987338223
3.334259999974165
5.138393997185631
1012.6487170018663
1013.1499369999801
1014.1661740017298
1014.8668669971812
1015.2719830002752
1015.637094998965
1014.9641380012326
1016.6700990012032
1018.7977080022392
1020.4749059994356
1016.4168570008769
1021.3525120016129
1017.1235729976615
1017.4268260016106
1018.0106679981691
1018.4436119998281
1018.906583001808
1018.8284659998317
1021.9452530000126
1022.3047380022763
1022.6774299990211
1023.1104470003629
1023.5120500001358
1024.8642259975895
1025.2612069998577
1025.64591600094
1026.0480429969903
1026.5182539988018
1026.8731370015303
1027.2528440000315
1027.568142999371
1028.0651430002763
1028.8428310013842
1021.5938270011975
1021.9440559994837
1022.2892029996729
1022.8239099997154
1023.1791529986367
1023.5540600006061
1024.042566998105
1024.2811580028501
1024.7687240007508
1025.0785059979535
1025.4056489975483
1025.783783999941
1026.101456998731
1026.4297539979452
1026.659302002372
1026.9799009984126
1027.1624529996188
1027.516176996869
1027.8300409991061
1028.1381729982968
1028.4579539984406
1028.7806230007845
1029.1364039985638
1029.710070000874
1030.4269719999866
1030.777363001107
1030.9571649995632
1.010593001410598
1.0318669992557261
0.9275949996663257
1.039798000419978
0.6703970029775519
0.9968920021492522
0.49642100202618167
0.39188699884107336
0.226452000788413
0.4489839993766509
0.3185940004186705
0.4400119978527073
0.337752000632463
0.29089399686199613
0.3172840006300248
0.2042599990090821
0.20027100254083052
0.5369550017348956
0.874242999998387
1.0076460021082312
1.4092550009081606
1.3673279972863384
0.6820660019002389
1.247144002263667
1.250857996637933
0.2960279998660553
0.6180279997352045
0.31047100128489546
0.7911070024420042
0.4527279998001177
0.20753499848069623
0.9862970000540372
0.8188450010493398
0.6560319998243358
3.7927539997326676
0.3751799995370675
0.6040309999661986
2.0374850028019864
1.874229001259664
1.0063890003948472
0.5484329994942527
1.4273619999585208
0.43052899854956195
0.5913630011491477
0.2817589993355796
1.693460999376839
1.4231409986678045
1.147858001786517
1.551845998619683
1.4279839997470845
1.6049690020736307
1.1763630027417094
0.9123230011027772
0.7153460028348491
0.5465089998324402
0.40876999992178753
0.6915250014571939
0.36402700061444193
0.41048699858947657
0.1788219997251872
0.4693650007538963
0.3599800002120901
0.3386749995115679
0.5827040004078299
0.5248649977147579
0.4302789966459386
0.39034099972923286
0.355823001882527
0.4092349990969524
1.5565590001642704
1.2207229992782231
1.573691002704436
1.0558810026850551
1.4141739993647207
1.2183579965494573
1.1880640013259836
1.2394359982863534
0.9997160013881512
1.2647049989027437
0.9293910006817896
0.3469010007393081
0.4579330015985761
0.15092900139279664
1011.9683529992471
1013.7738449993776
1012.1233050012961
1012.6413629986928
1012.8824839994195
1013.3792349988653
1013.3401909988606
1013.9715299992531
1013.9596500011976
1014.6020169995609
1014.7066839999752
1016.9206419996044
1015.2806010009954
1015.7192520018725
1016.6991049991339
1017.0297980002942
1017.3822350006958
0.3751030017156154
0.387088002753444
0.4580250024446286
0.4296099978091661
0.5129900018800981
0.3949940000893548
0.35796500014839694
0.2681799996935297
0.5748539988417178
0.3666850025183521
0.5754279991379008
0.22862799960421398
0.45123200106900185
0.7119840011000633
0.8705919972271658
0.986150000244379
0.7813039992470294
0.6983189996390138
0.7686890021432191
1.2528580009529833
0.6914389996381942
0.6003809976391494
0.41610699918237515
0.336689998221118
0.34570099887787364
0.31335400126408786
0.39230199763551354
0.32800700137158856
0.34364699968136847
0.30894299925421365
0.33281099968007766
0.8023379996302538
0.7579039993288461
0.9263059982913546
0.3550159999576863
0.3133710015390534
0.47998499940149486
0.42982200102414936
1.0178960001212545
0.3612159998738207
0.9362999990116805
0.8830250008031726
0.8618129977548961
0.6165300001157448
0.4930870018142741
0.44574500134331174
0.3234739997424185
0.47274900134652853
0.40246700154966675
0.3127149975625798
0.4326130001572892
0.38510699960170314
0.4557779975584708
0.45099500130163506
0.3213090021745302
0.5884390011487994
0.4001790002803318
0.29824499870301224
0.3759399987757206
1.0988860012730584
1.1432859973865561
1.0348789983254392
1.0206709994236007
1.0067889998026658
0.7800409985065926
1.2759880009980407
0.9003459999803454
0.6214579989318736
1.9198879999748897
0.4890380005235784
0.5252730006759521
0.3631609979493078
0.5837070020788815
0.44422800056054257
0.2302169996255543
0.5386310003814287
0.45179500011727214
0.5590010005107615
1.5244919995893724
0.756069002818549
1.3411590007308405
0.6764729987480678
1.5928880020510405
1.362265000352636
1.413050002156524
1.1455450003268197
0.39440900218323804
0.4973600007360801
0.5817089986521751
0.20274000053177588
0.46098000166239217
2.1073149982839823
2.565529001003597
0.44008600161760114
3.074188000027789
0.19721199714695103
0.41951499952119775
0.9050610024132766
0.860977997945156
0.4731410008389503
0.19369300207472406
0.4372360017441679
0.34879099985118955
0.7047929975669831
0.5043379969720263
0.175777000549715
0.2419240008748602
0.3611009997257497
0.3745399990293663
0.43359699702705257
0.5318750008882489
0.23618200066266581
0.28077800016035326
0.2318860024388414
0.26167100077145733
0.2374399991822429
0.4764160003105644
0.3659770009107888
0.26978199821314774
0.24383500203839503
0.5055729998275638
0.5028499981563073
0.5308209983923007
0.49304899948765524
0.21772100080852397
0.45814099939889275
0.6116069998824969
0.3170359996147454
0.46907599971746095
0.3050280029128771
0.29410600109258667
0.377487998775905
1006.165491999127
1001.5275420009857
1002.2111929974926
1002.7211909982725
1002.0895839988953
1003.2390369997302
1003.0431609993684
1003.800157999649
1003.6036409983353
1004.3424780014902
1004.1860950004775
1004.8575580003671
1004.9485640010971
1005.6525010004407
1005.4968879994703
1006.4582519989926
1007.3112690006383
1006.2617620023957
1007.2722469994915
1006.9066629985173
1007.9042930010473
1007.3825359977491
1008.4111110008962
1008.1772539997473
1008.94576799692
1009.4580420009152
1009.1714310001407
1014.2641210004513
1009.6795990029932
1010.3869579979801
1010.3802639969217
1011.0416730021825
1011.087321996456
1012.5721359981981
1011.5846090011473
1014.7005110011378
1011.9476969994139
1015.402836001158
1012.513179997768
1012.8086429976975
1016.2620789997163
1013.6514410005475
1016.9414219999453
1014.0367730018625
1017.6797280000756
1014.5468139999139
1018.0941629987501
1016.8948780010396
1019.1604619976715
1017.4975570007518
1019.854326001223
1018.0821460016887
1019.8361650000152
1020.3697420001845
1020.7443779981986
1016.2623190008162
1021.1068990029162
1021.075237000332
1019.5222449983703
1018.0969850007386
1020.2244709980732
1019.6073969964345
1019.2542969998613
1021.1581270013994
1022.1322539982793
1031.7854639979487
1032.165389999136
1036.333593998279
0.31881199902272783
0.6319219974102452
0.3214150019630324
0.6070079980418086
0.34646299900487065
0.3896810012520291
0.32230099895969033
0.5485410001710989
0.4187459999229759
0.3476609999779612
0.2695949988265056
0.3013720015587751
0.20785900051123463
0.2746459977061022
0.32174399893847294
0.2694569993764162
0.33679999978630804
0.32143199860001914
0.20584200319717638
0.5407839998952113
0.2715959999477491
0.6292100006248802
0.5897789997106884
1.000912998279091
0.9457039996050298
0.8072029995673802
0.7502910011680797
1.288295999984257
1.3894930016249418
0.5801739971502684
0.3139260006719269
0.63287900047726
0.5622639982902911
0.5456649996631313
1.209322002978297
1.16215900197858
1.0651490010786802
1.3666660015587695
1.0090530013258103
0.8787139995547477
0.42903800203930587
0.7460340020770673
0.2963660008390434
0.36210499820299447
0.5904870013182517
0.42930500057991594
0.24947199926828034
0.6138620010460727
0.5279510005493648
0.6220069990376942
0.5178589999559335
0.5939209986536298
0.9264850014005788
0.8815000001050066
0.7064019991958048
0.8864929986884817
0.8425400010310113
0.8309320000989828
0.5461050022859126
0.649385001452174
0.3236440024920739
0.28118100090068765
0.27592300102696754
0.3820330020971596
0.2676500007510185
0.257147999946028
0.27553600011742674
0.3522830011206679
0.3405839997867588
0.2563360030762851
0.48193800103035755
0.45682800191571005
1.1843479987874161
1.0916069986706134
1.154798999777995
1.44809300036286
1.0724420026235748
0.8733809991099406
0.7810819988662843
1.1618690004979726
0.8256520013674162
0.6827690012869425
0.5400920017564204
0.5319970005075447
0.5294440015859436
0.5680559988832101
0.4700330027844757
0.4407540000102017
0.4407029991853051
0.25613000252633356
0.3916040004696697
0.31269100145436823
0.32501800160389394
0.36716600152431056
0.3196820034645498
1028.1275680026738
1028.7561930017546
1028.9773149997927
1029.2539340007352
1029.8139050028112
0.6167930005176459
0.2556100007495843
0.272435001534177
0.2519509980629664
0.22931400235393085
0.2733049987000413
0.22486499801743776
0.3366609998920467
0.308279999444494
0.2799180001602508
0.6196650028869044
0.6640559986408334
0.6308289994194638
0.5374699976528063
0.5858430013176985
0.2796910011966247
0.37976599924149923
0.22748400078853592
0.5242660008661915
0.19521300055203028
1.0378010010754224
1.0376790014561266
0.46561300041503273
0.6341859989333898
0.31242400291375816
0.5717669992009178
1.0072539989778306
0.8578929991926998
0.7687860015721526
1.0488299994904082
0.6625160021940246
0.8471789988107048
0.652858001558343
1.0378100014349911
0.3533249982865527
0.22328200066112913
0.292188000457827
0.1856499984569382
0.2732050015765708
0.23814599990146235
0.4311860029702075
0.32342799750040285
0.3666780030471273
0.33998700018855743
0.8739559998502955
0.638179000816308
0.8146189975377638
0.5467659975693095
0.5294479997246526
0.3161890017508995
1.7701790020510089
1.4262669974414166
0.9652900007495191
0.7387829973595217
0.4285909999452997
0.3203509986633435
0.32651600122335367
0.291354997898452
0.45919300100649707
0.2626860004966147
0.5491880001500249
0.2905199980887119
0.326200999552384
0.3392429971427191
0.2693760034162551
0.5303500001900829
0.2904680004576221
0.3373809995537158
0.7749619981041178
1.050049002515152
1.035225999657996
0.9119200003624428
0.9038530006364454
0.7823390005796682
0.8644150002510287
0.9226709989889059
0.867951999680372
0.4136909992666915
0.47386599908350036
0.4952480012434535
0.657047003187472
0.49711199972080067
0.35446999754640274
0.45643100020242855
0.44766800056095235
0.4494900022109505
0.3565379993233364
0.33505999817862175
0.39664200085098855
0.9436430009372998
0.9038829994096886
0.8150319990818389
0.7665809971513227
0.6672400013485458
1.5477439992537256
1.9995799993921537
3.2019789978221525
2.260335000755731
0.8820250004646368
0.23143199723563157
0.3500419988995418
0.3296629984106403
0.25056000231415965
0.41227600013371557
0.4637640013243072
0.34091099951183423
0.6048229988664389
0.37240700112306513
0.3252319984312635
0.2116450014000293
0.5483749991981313
0.4034830017189961
0.3837470030703116
0.42118200144614093
0.3687680000439286
0.3948699995817151
0.3605249985412229
0.35944400224252604
0.3137179992336314
0.35638099870993756
0.30410900217248127
0.29129100221325643
0.1933009989443235
0.4306189985072706
0.2978390002681408
0.2824399998644367
0.7017320021986961
0.5526679997274186
1.0259859991492704
0.9168610013148282
0.8964810003817547
0.8479000025545247
0.587506998272147
0.7340659976762254
1.1611139998422004
0.6544450006913394
0.9831120005401317
0.40440799784846604
0.3991429985035211
0.4104389990970958
0.40221399831352755
0.15124399942578748
0.22846499996376224
0.5468739982461557
0.5633829969156068
0.5178300016268622
1007.9361600000993
1005.6000009972195
1006.168569001602
1005.6458889994246
1006.1144169994805
1006.8703199976881
1008.9792059989122
1006.565674997546
1011.7931439999666
1009.759781001776
1012.2911430007662
1010.3326389980793
1013.3120990030875
1010.8157110007596
1014.0436279980349
1011.3739230000647
1013.1204669996805
1015.0775499969313
1015.4606530013552
1012.3015239987581
1016.1051110007975
1013.0344620010874
1016.7166110004473
1013.835535999533
1017.2612110000046
1014.3809410001268
1018.0058499972802
1018.3215500001097
1015.3772379999282
1018.9155849984672
1018.5401960006857
1016.0701169988897
1019.8301130003529
1017.0275259988557
1020.4116759996396
1017.489199002739
1020.9018150017073
1018.7260920029075
1019.1612960006751
1019.5936870004516
1020.0169620002271
1021.0168499979773
1021.5127449991996
1022.3737199994503
1015.9400560005452
1016.3977020019956
1016.8788909977593
1017.2769620003237
1017.6775779982563
1018.1055889988784
1018.3220929975505
1021.9852939990233
1023.4694369974022
1024.1296919994056
0.30488700213027187
0.4138120020797942
0.553269997908501
0.32293799813487567
0.20181700165267102
0.3111849982815329
0.29141299819457345
0.3656570006569382
0.2653150004334748
0.46157900214893743
0.23402899751090445
0.3192889998899773
0.18174700016970746
0.3740419997484423
1.1667780017887708
0.902075000340119
1.0000619986385573
1.3252690005174372
0.9918030009430367
0.9151029989880044
0.5571290021180175
0.9140729998762254
1.2234880014148075
0.34458500158507377
0.3878640018228907
0.1923950003401842
0.5146120020071976
0.37465000059455633
0.35089599987259135
0.4964740001014434
0.3530809990479611
0.3417049993004184
0.25597999774618074
0.24149900127667934
0.16726600006222725
0.24748999931034632
3.3446130000811536
0.5595420007011853
1.2227180013724137
1.063743999111466
1.0231089981971309
1.095363997592358
0.9637699986342341
0.8964500011643395
1.2184490005893167
0.7579630000691395
0.9261039995180909
0.8040310021897312
0.696095001330832
0.33160499879159033
0.36428500243346207
0.26724900089902803
0.2991189976455644
0.3018690003955271
0.381870999262901
0.4124080005567521
0.40682100006961264
1.0599880006338935
0.7087260019034147
2.932794999651378
0.745289999031229
0.208269997528987
0.5624999976134859
0.3305589998490177
0.33035099841072224
0.3795669981627725
0.436131998867495
0.2966479987662751
1.4825940015725791
0.344121999660274
0.396857998566702
0.3411559991945978
0.796459997218335
0.6965970023884438
0.6944099986867514
0.8658910010126419
0.8166400002664886
0.7335250011237804
0.710970998625271
0.5043960009061266
0.3643870004452765
1024.6286130022781
1025.9759289983776
1024.5763159982744
1025.2505039970856
1025.5329480023647
1025.952628999221
1026.413612999022
1027.09141500236
1027.6945349978632
1028.2758819994342
1028.7270070002705
1027.0057610032381
1027.4078869988443
1027.795559999504
1028.1559089999064
1028.7065689990413
1029.1397369983315
1029.4993419993261
1029.9330259986164
0.2598350001790095
0.3493850017548539
0.7626530023117084
0.6245580007089302
0.6715359995723702
0.6028979987604544
0.5780790015705861
0.515018000442069
0.6709679983032402
0.6186610007716808
0.3701579989865422
0.7060130010358989
0.4482909971557092
0.5044530007580761
0.2814940016833134
1.8111099998350255
2.850314001989318
3.0242140019254293
2.879633000702597
0.4989810004190076
0.35359500179765746
0.3573299982235767
0.31685100111644715
0.3436660008446779
0.47201599954860285
0.3112560007139109
0.5164110007171985
0.6375129996740725
0.5438719999801833
0.3055240013054572
0.48339700151700526
0.7404680000036024
0.379852997866692
0.24696800028323196
0.5286630002956372
0.38517199936904944
0.2907409980252851
0.4942960003972985
0.3443929999775719
0.2952310023829341
0.2997050032718107
0.6262679999053944
0.3597979994083289
0.28064599973731674
0.32248999923467636
0.4313300014473498
0.46253999971668236
0.35638299959828146
0.30220199914765544
0.8790350002527703
0.9092889995372389
0.651525999273872
0.9364450015709735
0.8748090003791731
0.5588960011664312
1.217372999235522
0.6230920007510576
0.9180400011246093
0.5436770006781444
0.3989669967268128
0.24321199816768058
0.19457800226518884
0.133301000460051
0.26229300056002103
0.2886549991671927
0.38762399708502926
0.4161389988439623
0.26645900288713165
0.2371600021433551
0.2145809994544834
0.24064299941528589
0.3995059996668715
1.0835499997483566
1.0491159991943277
1.0589929988782387
0.9748769989528228
0.5233949996181764
0.8909179996408056
0.32700200245017186
0.26280000020051375
0.25613600155338645
0.271869997959584
0.3037060014321469
0.2877690021705348
0.36188599915476516
0.3403940027055796
0.3426750008657109
0.3662939998321235
0.28692499836324714
0.29438500132528134
0.2725470003497321
1.4729739996255375
1.3493050028046127
1.6030619990488049
1.3449809994199313
3.4540639971964993
1.8873950029956177
0.8480899996357039
3.741955999430502
2.232880000519799
0.25393200121470727
0.3151909986627288
0.35807700260193087
0.2989210006489884
0.25391099916305393
0.19631100076367147
0.5510419978236314
0.24811500043142587
0.1809799978218507
0.18737700156634673
0.3142160021525342
0.3607950020523276
0.31734100048197433
0.20843699894612655
0.4491969993978273
0.44026699833921157
0.4531420017883647
0.2762580006674398
0.5698310014849994
0.2859490014088806
0.25576099869795144
0.3539220015227329
0.23183899975265376
0.4250050005794037
0.46492200272041373
0.4392299997562077
0.5063009994046297
0.899254999239929
0.7614129972353112
0.994467998680193
0.7838639976398554
0.2605879999464378
0.4487939986574929
0.27449499975773506
0.43589599954430014
1002.7317300009599
1002.268248998007
1002.2729500014975
1002.7485339996929
1003.0408419988817
1003.359559999808
1004.2995570001949
1006.2578440010839
1005.7431169989286
1007.9861430021992
1007.5315779977245
1007.8341650005314
1007.3036480025621
1007.1313859989459
1008.9851470002031
1010.4103760022554
1008.3662839970202
1008.6371879988292
1014.5911580002576
1008.5676130001957
1009.8329950014886
1010.7104150010855
1009.4328580016736
1012.907455999084
1015.0849240017124
1010.6070770016231
1012.8282400000899
1020.1194510009373
1017.5913810016937
1012.2478919984133
1016.631469999993
1014.3567349987279
1016.9319490014459
1019.8087960015982
1019.4647690004786
1020.4028029984329
1018.9780109976709
1016.7611399992893
1012.6280369986489
1013.1064649976906
1020.1690819994838
1012.1566460002214
1013.6717409986886
1013.6381880001863
1014.7803209983977
1017.250190001505
1015.0261859998864
1015.2444220002508
1019.7217499990074
1021.9774739998684
1015.1652149979782
1018.0838960004621
1017.952450998564
1020.5114559976209
1020.3567019998445
1016.2139280000702
1019.8573660018155
1020.4318599971884
1021.5928190009436
1021.482083000592
1020.3835800020897
1021.2245490001806
1022.1226879984897
1019.8952020000434
1022.6014959989698
1.1623339996731374
1.1558850019355305
1.205100998049602
0.8948279973992612
0.7442389978677966
0.5640250019496307
1.2911520025227219
1.0579359986877535
0.6125549989519641
0.5474489989865106
0.3156450002279598
0.3764590001082979
0.36121700031799264
0.8674740020069294
0.7189429998106789
0.8858569999574684
0.776245000452036
0.9349979991384316
0.6204550008988008
0.9190210002998356
0.5948159996478353
0.4360450002423022
0.31663000117987394
0.30109400177025236
0.46256799760158174
0.5433250007627066
0.5029600033594761
0.403033998736646
0.6452069974329788
0.5327740000211634
0.2751100000750739
0.6739720010955352
0.9436050022486597
0.7503570013795979
0.9181579989672173
0.7933659981063101
0.8573639970563818
0.7952939995448105
0.6989599969529081
0.4072539995831903
1.0817269976541866
0.3479490005702246
0.5708329990739003
0.4049759991175961
0.5072940002719406
0.3652380000858102
0.6407370019587688
0.2837760002876166
0.31722200219519436
1.0875719999603461
1.0001720002037473
0.6628619994444307
0.2693759997782763
0.5096559980302118
0.5857449978066143
0.9412699982931372
1.2542399999802
2.0864399994025007
1.0276030006934889
0.33018099929904565
0.35137400118401274
0.33920900023076683
4.048095001053298
4.169956002442632
4.056380999827525
3.978882999945199
3.8763400007155724
3.8990590001048986
3.904222001438029
3.9838939992478117
3.622682001150679
3.8713020003342535
4.061084000568371
3.2660770011716522
3.636485998868011
3.8048720016377047
3.4818770000129007
3.480252002191264
4.275982999388361
3.0992430001788307
3.4254439997312147
4.401980000693584
3.188496997609036
3.8365760010492522
3.204171000106726
2.9092549993947614
3.3627259981585667
2.813725997839356
3.4161090006818995
3.3133949982584454
4.408472999784863
3.0438829999184236
3.333081996970577
1022.7379000025394
1022.3966390003625
1022.1260119978979
1022.8055629995652
1024.2865219988744
1024.8936639982276
1025.5045699996117
0.5026829967391677
1.0186330000578891
0.3938170011679176
0.3520989994285628
0.41049699939321727
0.25607100178604014
0.2293880024808459
0.27999999656458385
0.20813899755012244
0.3243350001866929
0.28602300153579563
0.36869199902866967
0.7002130005275831
0.6699960031255614
0.6379819969879463
0.5844369989063125
1.5604369982611388
1.3936249997641426
1.172416999907
1.6973370002233423
1.5440340030181687
1.1259249986323994
0.9489049989497289
1.1555629971553572
1.1213549987587612
0.7809530034137424
1.0465570012456737
1.2123099986638408
0.5683939998561982
0.43361899952287786
0.24306499835802242
0.28066400045645423
0.33129499934148043
0.20372000290080905
0.44688400157610886
0.36992099921917543
0.5805200016766321
0.4165049977018498
0.22648999947705306
0.4398380006023217
0.2689539978746325
0.3955889987992123
0.2535379971959628
1.0236939997412264
0.9812649986997712
1.009260999126127
0.8462830010103062
0.8719270008441526
1.4528760002576746
0.4675170021073427
0.2467359990987461
0.3409349992580246
0.2667699991434347
0.4254710001987405
0.21405900042736903
0.21704800019506365
0.2652389994182158
0.1708310010144487
0.2736140013439581
0.42939800187014043
0.3643160016508773
0.41150800097966567
0.6308899974101223
1.0407459994894452
1.0073669982375577
0.93497400303022
0.9266050001315307
0.5682259979948867
0.9449489989492577
0.8286749980470631
0.6735870010743383
0.26883799728238955
0.23935799981700256
0.16938100088736974
0.336457000230439
0.4908179980702698
0.27311899975757115
0.5141350011399481
0.35359100002096966
0.22148900097818114
0.259814001765335
0.3149030017084442
0.24197099992306903
0.49112800115835853
0.39946399920154363
2.9031529993517324
0.43547099994611926
0.3285589991719462
0.2839820008375682
0.578769002459012
1.0504189995117486
1.6307550031342544
2.12321700018947
1.8902520023402758
1.5541840002697427
2.152246997866314
0.3177210019202903
0.33446599991293624
2.1885889982513618
0.3024059988092631
0.34619999860296957
0.24181099797715433
0.18459199782228097
0.2546440009609796
0.6163990001368802
0.5325769998307806
0.46940000174799934
0.4206349985906854
0.3513589981594123
0.3482919964881148
0.3722539986483753
0.32942500183708034
0.24646800011396408
0.3414860002521891
0.36647899833042175
0.5416200001491234
0.4693810005846899
0.5256080003164243
0.33974400139413774
1.1493669990159106
1.004989000648493
0.9255850018234923
0.5992580008751247
0.9835739983827807
0.8480940014123917
0.5546649990719743
0.7197929990070406
0.5236679971858393
0.20197900084895082
0.39499899867223576
0.2966640022350475
0.3196600009687245
0.44672000149148516
0.15308100046240725
0.30942100056563504
0.3114710016234312
0.601732997893123
0.6298760017671157
1.4083749993005767
1.8536329989728983
0.312779000523733
0.24911999935284257
1004.1582889971323
1004.1937999994843
1006.1389969996526
1004.9331839982187
1005.4428729999927
1006.9276119975257
1007.2957949996635
1006.3437030003115
1006.7344790004427
1007.9547670029569
1008.395136002946
1009.1041020023113
1009.0032379994227
1009.9055780010531
1011.172261001775
1012.2449880000204
1010.7457789999899
1013.0281159981678
1011.3718360007624
1014.1360240013455
1014.7997179992672
1012.1161739989475
1015.5925409999327
1016.3474520013551
1012.8560449993529
1017.0019930010312
1013.4444210016227
1017.8340720012784
1019.2741850005405
1014.957620001951
1015.4065559981973
1015.9292030002689
1017.4667320025037
1018.0127610001364
1018.5428760014474
1019.022884000151
1019.737468999665
1020.5482660021516
1020.9052489990427
1011.6449889974319
1012.0574569991732
1012.356731996988
1013.2827059969713
1013.6318909972033
1014.1023710020818
1014.4423999990977
1014.7985190014879
1015.1574980009173
1015.4213040004834
1018.0928590016265
1018.4560320012679
1019.4764799998666
1019.9305089990958
1020.324201999756
1021.6330929979449
1021.8644870001299
1022.2216060028586
1022.4902840018331
2.4846310006978456
2.6034930015157443
2.4887409999792
3.1508829997619614
2.443126999423839
2.8060310032742564
2.275017002830282
3.6163980003038887
1.7653430004429538
2.350819999264786
2.8043149977747817
2.3259720001078676
1.7757560017344076
1.826952000556048
1.674167000601301
2.4294980030390434
1.6015279979910702
1.7432089989597443
1.3325090003490914
0.6799639995733742
0.5511710005521309
0.5244670028332621
1.2349240023468155
0.9458020031161141
1.622081999812508
1.0997150020557456
0.8885469978849869
1.4133869990473613
1.071981998393312
1.75641399982851
0.8854319967213087
0.7402449991786852
0.4817440021724906
0.4580550012178719
0.5056150002928916
0.5240719983703457
0.21652099894708954
0.6311590004770551
0.24804999702610075
1.4455860000452958
1.5596560006088112
0.4642370004148688
0.18304799959878437
1.916021999932127
1.9493409999995492
0.40512499981559813
0.292724998871563
0.29178199838497676
0.3678289976960514
0.5104190022393595
0.4031630014651455
0.38648700137855485
0.3707249998115003
0.38756899812142365
0.21402900165412575
0.5273489987303037
1.6752049996284768
1.579984000272816
1.615559001947986
1.594517998455558
1.3792579993605614
1.3429419996100478
1.6710240015527233
1.334922002570238
1.3546320005843882
1.351399998384295
1.2955479978700168
1.343201998679433
1.2904130016977433
1.1194210019311868
0.5134290004207287
0.8482630000798963
0.45378900176729076
0.4548310025711544
0.9670430008554831
0.8119620033539832
0.8000080015335698
0.5568689994106535
0.9781600019778125
0.8832729981804732
0.7142909998947289
0.1529340006527491
1026.0818349997862
1024.2301389989734
1024.1739349985437
1024.5147019995784
1024.6768680008245
1024.8845419991994
1025.0634110016108
1025.3319870025734
1025.7378839996818
1025.7362429983914
1026.151595000556
1026.0978369988152
1026.4287919999333
1026.7448470003728
1026.9793090010353
1027.2868640022352
1028.142265000497
1027.608798998699
0.4482479998841882
0.33143499967991374
0.8225909987231717
0.6046160015102942
0.5675940010405611
0.627701996563701
0.4493650012591388
0.9184110022033565
0.6752779991074931
0.5166759983694647
1.1627180028881412
0.7245769993460272
0.6107469998823944
0.3939439993700944
0.6185109996295068
0.46391999785555527
0.6697800017718691
0.608777001616545
0.9784349967958406
0.6004700007906649
0.776782999309944
1.59523500042269
1.5158970018092077
1.3667940002051182
0.9286439999414142
1.0787480023282114
1.334884000243619
0.5885600003239233
0.5619289986498188
1.1271059993305244
0.5147980009496678
0.28331299836281687
0.44019599954481237
0.7951049992698245
0.47385200014105067
0.6515829991258215
0.4187929989711847
0.37917099689366296
0.17038800069713034
0.6498520015156828
0.6066999994800426
0.3343410025991034
0.4285159993742127
0.6161689998407383
0.4573879996314645
0.36236399682820775
0.2887310001824517
0.27401099941926077
0.5062510026618838
0.5267260021355469
0.4644369982997887
0.44097799764131196
0.8459800010314211
0.42784800098161213
0.4380690006655641
0.2203030016971752
0.2525609997974243
0.20772300194948912
0.2525140007492155
0.19738399714697152
0.43465399721753784
0.33760099904611707
0.3578830001060851
0.36594600169337355
0.37418200008687563
0.2522770009818487
0.4045790010422934
0.3731960023287684
0.4714329988928512
0.47201599954860285
0.41542400140315294
0.35952299731434323
0.8350090029125568
0.8586759977333713
1.142760997026926
1.4574609995179344
0.66875899938168
1.0736509975686204
0.9407910001755226
0.6545249998453073
0.18644299780135043
0.5419330009317491
0.37340400012908503
0.21443600053316914
0.31908600067254156
0.2252630001748912
0.4867370007559657
0.4467750004550908
0.4981380006938707
0.39324799945461564
0.4043379994982388
0.22915799854672514
0.69053499828442
0.6623740009672474
0.6372499992721714
1.0131809976883233
0.5162139968888368
0.45808600043528713
0.7785159978084266
0.7782259999657981
0.18020900097326376
0.3788390022236854
0.19871500262524933
0.3339929971843958
0.31199200020637363
0.190767997992225
0.29096900107106194
0.35120599932270125
0.2998409981955774
0.2202889991167467
0.5372619998524897
0.5602339988399763
0.3866219994961284
0.5899240022699814
1.1188179996679537
0.4223690011713188
0.28061399643775076
0.24285300241899677
0.43686899880412966
0.30816500293440185
0.31094900259631686
0.4683439983637072
0.3721569992194418
0.6014719983795658
0.46911299796192907
0.222948998271022
0.4314699981478043
0.39304600068135187
1008.1311249996361
1008.0856640015554
1008.0329929987784
1008.494513000187
1009.1704640035459
1009.018417000334
1009.7016530016845
1009.7062200002256
1010.2403519995278
1010.6648700020742
1010.5070470017381
1011.3260739999532
1011.1268509972433
1011.5808259979531
1012.1383410005365
1012.2817920018861
1013.1066929970984
1012.9861999994318
1013.6280740007351
1014.0696679991379
1014.1313189997163
1014.9336350004887
1014.7218420024728
1015.5484520000755
1015.3144119976787
1016.1655779993453
1016.6483540015179
1016.1540810004226
1017.3715330020059
1016.777003002062
1018.1944380019559
1017.3278590009431
1019.5835580016137
1020.0504079984967
1020.0714689999586
1020.6222540000454
1021.0499239983619
1020.9175230011169
1021.6809789999388
1022.0419170000241
1022.1139919995039
1022.7988119986549
1023.6487570000463
1024.2603500009864
1022.6496369978122
1024.9846129991056
1023.0168740017689
1025.6350029994792
1023.4273999994912
1026.3472849983373
1023.8095459972101
1026.7355010000756
1024.1941830026917
1024.6003979991656
1024.8855729987554
1025.2427989980788
1025.80392299933
1026.0405720000563
1018.245418999868
1020.448685001611
1020.9322959999554
1021.4372529990214
1021.6984879989468
1022.0190309992176
1023.1408209983783
1023.5075460004737
1024.913438999647
1025.2326850022655
1025.833056999545
1026.4671240001917
1027.0583689998602
1028.120624996518
1.8155750003643334
1.6348030003427994
1.8940020017907955
1.961507001396967
1.6145890003826935
1.52324600276188
1.4966109993110877
1.9055940028920304
1.3826050017087255
1.1916039984498639
1.41350600097212
1.7841999979282264
1.0595450003165752
1.4323160030471627
1.4180920006765518
0.9048860010807402
0.5051289990660734
0.222945000132313
0.46230100269895047
0.9819890001381282
0.890867999260081
0.7777020000503398
0.9647910010244232
0.8303089998662472
0.5090089980512857
0.8452439979009796
0.9452010017412249
0.6588429969269782
0.43158900007256307
0.49999700058833696
0.4045389978273306
0.3831790018011816
0.37045200224383734
0.3424679998715874
0.30553900069207884
0.3098090019193478
0.22798299687565304
0.4238619985699188
0.48736399912741035
0.3117769992968533
0.726909998775227
1.3149990008969326
0.9564569991198368
1.3875650001864415
1.3410499996098224
1.159071001893608
0.8236249996116385
1.0731440015661065
0.6767249979020562
1.1462319998827297
0.7705299976805691
1.1331890018482227
0.4056839970871806
0.4458659968804568
0.5233250012679491
1.8728540017036721
0.5220639977778774
0.5438990010588896
0.46750599722145125
0.41658899863250554
1.3324530009413138
0.46226999984355643
0.47654300215072
0.40779600021778606
0.489285997900879
1025.9551860035572
1026.661702999263
1030.5990910019318
1026.1333779999404
1026.798704999237
1027.1318459999748
1027.7010409990908
1027.6253189986164
1028.274724001676
1029.0106809989084
1029.7984179997002
1030.3333260017098
1030.729809001059
1031.223878999299
1029.8861470000702
1031.7594730004203
1032.127385999047
1032.4505669996142
1033.5160470021947
1033.8681719986198
1034.269153002242
1029.2505340003117
1030.4091030011477
1031.0661459989205
1031.470714002353
1031.959020998329
1032.469794001372
1032.9783900015173
1033.4748619970924
1033.8857209972048
1034.26120000222
1035.0623070007714
1035.8320040031685
1036.1809540008835
1036.9643079975503
0.45614899863721803
0.49046800268115476
0.45517900070990436
0.5879370000911877
0.7986149976204615
0.5834129988215864
0.7609329986735247
0.35360499896341935
0.440174997493159
0.6335130019579083
0.5303340003592893
0.5365920005715452
0.5772959993919358
0.35439899875200354
1.248369000677485
1.2755349998769816
1.4992489996075165
1.7888069996843114
1.413779998983955
1.178372996946564
1.1946630002057645
1.5306310015148483
1.263467001990648
0.9761260007508099
1.2070869997842237
1.0436439988552593
0.3873149980790913
1.2968529990757816
1.1633279973466415
1.1880540005222429
1.1128369988000486
1.0467230022186413
1.110991001041839
0.4091419978067279
2.399775999947451
2.436344002489932
2.3343590000877157
3.1713179996586405
1.9948310000472702
1.3903510007367004
1.3369279986363836
1.1594380011956673
0.5114419982419349
1.4884999982314184
0.7056070026010275
0.583614000788657
0.4735309994430281
0.3820390011242125
0.2530210003897082
0.458930000604596
0.9143759998551104
0.5933500033279415
0.5367749981814995
1.1506139999255538
0.9934979971149005
1.1593570015975274
0.7281580001290422
0.5529409972950816
0.3586710008676164
0.3351219966134522
0.2977360018121544
0.4450189990166109
0.5196499987505376
0.2706359991861973
0.49246999697061256
0.7676899986108765
0.2979669989144895
0.2719349977269303
0.5048709972470533
6.709634999424452
0.8835949993226677
1.2976109974260908
1.1729670004569925
0.9286340027756523
0.8780820026004221
1.4542540011461824
1.2262749987712596
0.8127020009851549
1.2241510012245271
0.7616120019520167
0.6967160006752238
0.2935599986813031
0.3905320008925628
0.45483600115403533
0.39810299858800136
0.33919699853868224
0.3726209979504347
0.48418100050184876
0.3006550032296218
0.539996999577852
0.3779800026677549
0.36345400076243095
1.3058710028417408
1.5812290002941154
0.754017000872409
1.0153739967790898
1.180385999759892
1.355626001895871
0.49445100012235343
1.599696999619482
0.2515150008548517
0.22817199715063907
0.5594610011030454
0.4461559983610641
0.16031600171118043
0.393465998058673
0.42990300062228926
0.326580000546528
0.48606900236336514
0.3897729984601028
0.5468119998113252
1004.05152500025
1004.1700910005602
1005.5149719992187
1007.9483179979434
1005.1097079995088
1008.794351000688
1005.7348189984623
1009.4345110010181
1011.2299350003013
1006.5410360002716
1011.9383250021201
1012.4343770003179
1007.323047000682
1013.1777360002161
1008.2035650011676
1013.8293609998072
1014.4613420015958
1009.3567930016434
1016.2292380009603
1010.2741020018584
1018.1208120011433
1018.6958150006831
1011.1099369969452
1008.9883909968194
1011.6432619979605
1009.4641649993719
1012.2011880011996
1012.8408280033909
1010.1777000018046
1013.6732689970813
1010.8619730017381
1011.3159510001424
1014.7649940008705
1011.9283170024573
1015.3835890014307
1012.863298998127
1015.9765749995131
1013.46692199877
1016.5332100004889
1013.9669679992949
1018.6723279985017
1014.4929669986595
1019.3180669994035
1015.2577539993217
1019.9189779996232
1016.0448019996693
1020.4467619987554
1016.7311260011047
1021.5076450003835
1017.5806830011425
1023.7447990002693
1018.0995290029387
1024.17413099829
1018.5394750005798
1025.0736240013794
1019.1210570010298
1025.5148759970325
1019.6102640002209
1025.912787001289
1020.0640359980753
1026.3539670013415
1020.8828350005206
1020.7320670015179
1026.9966829982877
1027.5407589979295
1022.1130369973253
1028.3179039979586
1022.7970010018907
1028.8244690018473
1023.1811320009001
1029.07907700137
1023.4955939995416
1023.7678140001663
1024.1386340021563
1025.2752489977865
1025.548006000463
1025.9777569990547
1026.7817470012233
1028.3654129998467
1029.3006610008888
1026.60754200042
1026.898825999524
1027.365465000912
1028.0102659999102
1028.3266070000536
1028.631018998567
1029.572946998087
1030.023990002519
1030.7030499971006
1.5140319992497098
1.0565090015006717
0.8772830005909782
1.6437179983768146
1.5439590024470817
1.3667079983861186
0.5207550020713825
1.2489609980548266
0.5648480000672862
0.41212599899154156
0.2861969987861812
0.9838099977059755
1.012879001791589
0.6809349979448598
1.0331100020266604
0.7881189994805027
1.213022998854285
0.8028769989323337
0.7807460024196189
0.6838919980509672
0.6532029983645771
0.4610089999914635
0.6607190007343888
0.1532339992991183
0.6355160003295168
0.39083299998310395
0.980854998488212
0.4013960024167318
0.3843730009975843
0.3301329998066649
0.2978880002046935
0.3326289988763165
1.0775809969345573
0.8992039984150324
0.7891690001997631
1.1282820014457684
0.6969900023250375
1.3742580013058614
0.9273780015064403
0.6331889999273699
0.8283390016003978
0.6072539981687441
0.32922500031418167
0.33017899841070175
0.8013320002646651
0.2992189984070137
0.22483300199382938
1023.3899669983657
1024.325313999725
1023.5279570006242
1024.0623370009416
1025.000531997648
1024.6060339995893
1025.613693997002
1025.6756509988918
1026.0039109998615
1026.439045999723
1027.7609589975327
1030.4012979977415
1027.2206350018678
1031.3989030000812
1027.8511030010122
1032.6830360027088
1033.2431210008508
1028.7688789976528
1033.8779039993824
1029.4325780014333
1031.362765999802
1030.2402889974474
1031.439455000509
1031.090545002371
1031.7529659987486
1032.492901002115
1032.832379998581
1033.1436900014523
1033.8823009988118
1034.8467479998362
1035.3103910019854
1035.7716200014693
1036.4761179989728
1029.5249299997522
1029.925914001069
1030.363590001798
1031.5241040007095
1031.9056740008818
1032.2866290007369
1032.651359000738
1033.0924139998388
1033.5135130007984
1033.9342700026464
1034.318145000725
1034.8350559979735
1035.1978779981437
1035.7480580023548
1036.0959809986525
1036.5860239980975
1036.9663810015481
1037.921446000837
1038.6605669991695
1039.1867960024683
0.9596350028004963
0.8909960015444085
0.9557030025462154
0.8850970007188153
0.6000940011290368
0.8511080013704486
0.9183410002151504
0.5869570013601333
0.32954500056803226
0.2855630009435117
0.32717200156184845
0.6312699988484383
0.6501799980469514
0.8525259981979616
0.44969800001126714
0.6631629985349718
0.6110799986345228
0.4384729982120916
0.3129559991066344
0.1640230002522003
0.4016109996882733
0.28870399910374545
0.17568700059200637
0.423739998950623
0.4181889999017585
0.3170670024701394
0.263291996816406
0.2466870028001722
0.3985559997090604
0.32087500221678056
0.521617999766022
0.5373989988584071
0.4469149971555453
0.45183399925008416
0.46265499986475334
0.26177299878327176
0.9137540000665467
1.1585290012590121
0.8545189994038083
0.8136309988913126
0.7454320002580062
0.5853800030308776
2.029045997915091
2.574220998212695
2.018673996644793
0.3636510009528138
1.9204000018362422
2.319287003047066
0.2979749988298863
1.773536998371128
0.7144230003177654
0.516772000992205
0.4295760008972138
0.4752200002258178
0.4291689983801916
0.18835800074157305
0.21146200015209615
0.22472099954029545
0.18682600057218224
0.21969799854559824
0.19052200150326826
0.4439609983819537
0.2192350002587773
0.5853790025867056
0.16634200073895045
0.843324996822048
0.8661569991090801
1.1022230028174818
0.9829800001170952
0.9976799992728047
0.6745190003130119
0.561271001060959
1.1574529999052174
0.4688179978984408
0.4140550008742139
0.47242700020433404
0.4958589997841045
0.40385300235357136
0.5036510010540951
0.43604600068647414
0.5220459970587399
0.26001800142694265
0.305184003082104
0.2927900022768881
0.6841510003141593
0.6733449990861118
0.5936249981459696
1024.0588279993972
1023.4791980001319
1022.4525819976407
1024.1060859989375
1023.8766279981064
1024.4771500001661
1024.987004999275
1025.47579900056
1025.2132560017344
1026.2870290025603
1026.1230239993893
1026.9084850006038
1026.7159270006232
0.32748200101195835
0.3165080015605781
0.3123009992123116
0.6514399974548724
0.44901100045535713
0.38209800186450593
0.3398949993425049
0.3919789996871259
0.3792490024352446
0.2960150013677776
0.2973629998450633
1.027487000101246
0.9457289997953922
1.302402000874281
0.6106000000727363
0.9961850009858608
0.881258998560952
0.6736979994457215
0.5128840020915959
0.4740229996968992
0.4851809972024057
0.48917900130618364
0.4776349996973295
0.329063997924095
0.3246440028306097
0.46168499829946086
0.3113229977316223
0.15188999896054156
1.03564299934078
0.32287499925587326
1.6543149977223948
0.5915170004300307
0.28286299857427366
0.7143719994928688
0.5229079979471862
0.4741179982374888
0.32547600130783394
0.5471959993883502
0.3652729974419344
0.2650259993970394
0.3103060007560998
0.5113600018376019
0.5076109991932753
0.39297100011026487
0.41077800051425584
1.113957001507515
0.6906749986228533
0.9110570026678033
0.7724530005361885
1.126741997723002
0.622922001639381
0.7860139994591009
0.7354980007221457
0.2750099993136246
0.33521600198582746
0.34010699891950935
0.6173699985083658
0.43238700163783506
0.3334889988764189
0.27568999939830974
0.33112500022980385
0.2351709990762174
0.2947530010715127
0.30481000067084096
1.0790449996420648
1.5168369973252993
1.4905550015100744
1.3685269987036008
1.812772999983281
1.6745639986766037
1.1870260022988077
0.272323999524815
0.42903400026261806
0.2931669987447094
0.38571500044781715
0.3605820020311512
0.29336000079638325
0.22415500279748812
0.5124449999129865
0.28660300085903145
0.6041699998604599
0.5470469986903481
0.30570899980375543
1.0786529965116642
0.8739219993003644
0.8294420003949199
0.9856919969024602
0.6717470023431815
0.8834879990899935
1.4137309990474023
0.7072609987517353
0.8352699987881351
0.4956089978804812
0.3089120000367984
0.9396499990543816
0.4105929983779788
0.5774149976787157
1.2579120011650957
1.0282079965691082
0.31561300056637265
0.24098699941532686
0.45682199925067835
0.43317699964973144
0.3216579971194733
0.5374030006350949
0.41436899846303277
0.2683570019144099
0.25670700051705353
0.20199199934722856
0.1607349986443296
0.397004001570167
0.3503459993225988
0.2635359996929765
0.38986899744486436
0.28549499984364957
0.2722369972616434
0.6744650017935783
0.38511499951709993
0.2522350005165208
0.3788399990298785
0.3516020005918108
0.8478419986204244
0.8047119990806095
1.0508099985599983
0.7741309964330867
0.9427410004718695
0.6747180013917387
1.360280999506358
0.37322200296330266
0.41985300049418584
0.23554500148748048
0.30648299798485823
0.44590900142793544
0.4267639997124206
0.3866179977194406
0.42903599751298316
0.5568970009335317
0.47349899978144094
0.395709001168143
0.5782309999631252
1003.7711740005761
1003.9812030008761
1006.482633001724
1007.6094449977973
1005.143318001501
1009.9020969973935
1010.4162610005005
1005.8972549995815
1012.2927720003645
1006.8534819984052
1014.3062999995891
1015.4001749979216
1007.6622980013781
1016.2002690012741
1008.3550469971669
1008.8554040012241
1009.7459360003995
1010.020778998296
1010.3694079989509
1011.0076939999999
1011.7149100005918
1012.1609779998835
1012.6971210011106
1013.1943099986529
1013.6181929992745
1014.1531010012841
1014.898961999279
1016.1292729972047
1018.101346999174
1018.4970640002575
1018.9112059997569
1019.2015700013144
1019.9109319983108
1020.9653540005093
1021.2666320003336
1021.9957129993418
1010.9180700019351
1011.33505100006
1011.7897800009814
1012.4827610015927
1012.8984379989561
1013.3054690013523
1013.6677849986881
1014.2192249986692
1015.9238289998029
1016.3660770012939
1016.8055770009232
1017.2983210031816
1018.331669998588
1018.6739820019284
1019.182506002835
1020.0137310021091
1020.6400749993918
1022.5065869999526
1022.8855360001035
1023.5397560027195
1024.2784959991695
1024.8856719990727
1025.1241250007297
1025.4055580007844
0.14310200276668184
0.6259900001168717
0.4362699983175844
0.48266700105159543
0.257265997788636
0.22118099877843633
0.385524002922466
0.49100700198323466
0.3794740005105268
0.2724170008150395
0.2192370011471212
0.3406689975236077
0.36258299951441586
0.31721199775347486
0.2840550005203113
1.434862999303732
1.4481880025414284
1.3806389979436062
1.305375000811182
1.1250829993514344
0.8937610000430141
1.119678003306035
1.9180739982402883
1.2849669983552303
1.016505000734469
1.801600999897346
1.104849001421826
0.6973300005483907
0.2770789978967514
0.8574029998271726
0.4306310001993552
0.27689999842550606
0.24439800108666532
3.948612000385765
4.2844790004892275
3.704381000716239
4.173978002654621
4.882131001068046
3.6292469994805288
3.5374049984966405
3.311765001853928
4.258675999153638
4.128887001570547
3.4232489997521043
3.403696999157546
3.3339100009470712
3.0336290001287125
5.359581999073271
4.163796002103481
3.08024299738463
5.369916998461122
4.146049999690149
5.238282003119821
3.8644449996354524
2.5323410009150393
6.47650400060229
4.108017001271946
4.06312499762862
4.050407002068823
3.8454390014521778
4.10674000158906
3.8367150009435136
4.653951997170225
5.561772002693033
3.46749099844601
5.410737001511734
5.160155000339728
0.7033319998299703
1.164373999927193
0.361546000931412
1.2745310013997369
1.0189209970121738
1.1421420022088569
0.7887350002420135
1.2701300001936033
1.237650001712609
0.9693729989521671
1.3284250017022714
1.0074839992739726
0.2447340011713095
1024.3371709984785
1025.9297220000008
1026.3535220001359
1027.2040109994123
1025.5897360002564
1026.0056639999675
1026.4886990007653
1026.945674999297
1027.6506150003115
1028.017713000736
1028.4557640006824
1027.9528209975979
1028.5661230009282
1029.0570940014732
1029.6103639993817
1029.9362860023393
1030.9206479978457
1031.2932100023318
1032.1255229973758
1032.508920001419
0.9583460014255252
1.1455420026322827
1.003575998765882
0.46059700252953917
1.1639250005828217
0.9982619994843844
0.6261919988901354
1.1301029990136158
0.6634060009673703
0.4449259977263864
0.6203609991644043
0.3895819972967729
0.3559629985829815
0.3667479977593757
0.44566399810719304
0.32783300048322417
0.32822600041981786
0.2969390006910544
0.3372999999555759
0.31090600168681704
0.2826430027198512
0.1955030020326376
0.23639199935132638
0.8689349997439422
1.0857529996428639
1.2828729995817412
1.0383379994891584
0.7664000004297122
1.035835997754475
0.7118570028978866
0.6843439987278543
1.1124070006189868
0.5005349994462449
0.45640900134458207
0.33282900039921515
0.3389229968888685
0.26068300212500617
0.33453300056862645
0.2588870011095423
1.0598879998724442
0.6250299993553199
0.46141699931467883
1.1424209988035727
0.41682600203785114
0.6122259983385447
0.5077169989817776
0.31994299934012815
0.2465959987603128
0.35034100073971786
0.5890009997528978
0.36207199809723534
0.21901100262766704
0.40012899989960715
0.3212390001863241
0.2934750009444542
0.24724300237721764
0.42671399933169596
0.5939080001553521
0.4123170001548715
0.3947020013583824
0.3958140005124733
0.9607329993741587
1.094243001716677
0.7431669982906897
0.6608710027649067
0.6644569984928239
1.0806200007209554
0.6548530000145547
0.5660780007019639
1.4955199985706713
0.27034700178774074
0.17397000192431733
0.38709499858669005
0.47575400094501674
0.33553200046299025
0.20110200057388283
0.19621700266725384
0.5956009990768507
0.7174040001700632
0.9126069999183528
0.6091860013839323
0.9045229999173898
0.5305880004016217
0.3041199997824151
0.2641529972606804
0.46196599942049943
0.44188099855091423
0.3949819983972702
0.31434699849341996
0.22889899992151186
0.277276001725113
0.30049999986658804
0.5859449993295129
0.5662910007231403
0.5403119976108428
0.3143410031043459
0.727478000044357
0.3216400000383146
0.5707999989681412
0.13868899986846372
1.3795630002277903
1.2684579996857792
1.2864799973613117
1.176154000859242
1.7651310008659493
0.8500160001858603
1.1057829979108647
0.5831070011481643
2.145792997907847
0.3511670001898892
0.4146089995629154
0.29266900310176425
0.38053200114518404
0.7666320016141981
0.47956299749785103
0.9943010009010322
0.7369999984803144
0.30611699912697077
0.49419999777455814
0.330241000483511
0.24483200104441494
0.4410540022945497
0.4942680025123991
0.44659799823421054
0.36860199907096103
0.5799120008305181
0.29054999686195515
0.33358899963786826
0.3490369999781251
0.3556829979061149
1003.3340499976475
1003.7526699998125
1004.0535379994253
1004.4386549998308
1005.1113480003551
1005.7509609978297
1008.2415800025046
1006.6391700020176
1006.4731929996924
1007.6485550016514
1011.9771619974927
1008.2541249976202
1015.7944259990472
1016.5464860001521
1008.9838729982148
1017.2336329997052
1017.6524779999454
1009.7295920022589
1018.2741839998926
1018.6303250011406
1010.466545001691
1010.7656510008383
1011.286361997918
1011.678776001645
1011.9320990015694
1012.6212559989654
1013.0534709969652
1013.4392419968208
1013.8275880017318
1014.2884689994389
1014.6661949984264
1015.5587109984481
1016.0156640013156
1016.3751520012738
1017.2177640015434
1009.6277800003008
1009.9857829991379
1010.4196169995703
1010.7624289994419
1011.1452090022794
1011.9934399990598
1012.3582090018317
1012.7223189992947
1013.1364589979057
1013.4947879996616
1014.1445640001621
1015.270726999006
1015.6432959993253
1016.0459719991195
1016.3963189988863
1016.8517590027477
1017.1775919989159
1017.5226540013682
1017.9314189990691
1018.2490900006087
1018.6243700009072
1019.1576789984538
1020.1901399996132
1021.7638209978759
1022.1130280006037
1022.4776909999491
1022.9687069986539
1023.8442939989909
1020.8678430026339
1021.1662139990949
1021.4570219977759
1023.0325009979424
1023.3765609991679
1023.9948220005317
1024.4078960022307
0.38713500180165283
0.500643000123091
0.4705620012828149
0.6538400011777412
0.5993260019749869
0.5638619986712001
0.3017009985342156
2.6914249974652193
2.56682799954433
2.359165002417285
2.584678997664014
2.3148829968704376
2.2637049987679347
2.3481239986722358
2.3164010017353576
2.0808569970540702
2.2726660026819445
1.9423810008447617
1.8846769999072421
2.248204000352416
1.7462989999330603
2.04348400075105
1.5738740003143903
1.8619179973029532
1.5429939994646702
2.0057299989275634
1.5844270019442774
1.2465940017136745
1.4882949981256388
1.4194860013958532
1.2246789992786944
1.4218809992598835
1.0747029991762247
0.7730180004728027
1.4561860007233918
1.142067998443963
1.4311999984784052
1.1324299994157627
0.9722670001792721
0.570724001590861
0.34122099896194413
0.3644560019893106
0.26342600176576525
0.3718129992194008
0.3540680008882191
0.33015900044119917
0.7306930019694846
0.858954997966066
0.6108369998401031
0.20385600146255456
0.2810660007526167
0.3333630011184141
0.7436250016326085
0.5840769990754779
0.46925000060582533
0.38859000051161274
0.33873100255732425
0.33818199881352484
0.48029699973994866
0.3405959978408646
0.36425800135475583
0.5777540027338546
1.0048920012195595
0.48724600128480233
0.9928140025294852
0.8202930002880748
0.7145079980546143
0.291050997475395
0.37044599957880564
1022.7958750001562
1022.4309090008319
1022.2207240003627
1022.8417649996118
1023.0724069988355
1023.8724739974714
1023.5489689985116
1027.2350500017637
1024.1022010013694
1027.804584999103
1025.085287001275
1025.4238220004481
1025.7856579992222
1026.2174060007965
1026.547630001005
1027.4376830020628
1028.0833279975923
1028.4601639978064
1028.7584549987514
1025.6322919995
1026.273745999788
1026.9460439994873
1027.2795270029746
1027.616895000392
1028.0422569994698
1028.3864029988763
1028.779164000298
1029.1611880020355
1029.4172299982165
1029.85333900142
1030.1342490020033
0.5507290006789844
0.4235519991198089
0.5231489994912408
0.440171999798622
1.1555689998203889
2.160927000659285
1.933757001097547
1.7965529987122864
1.4467920009337831
1.7157990005216561
1.3846789988747332
1.2868710000475403
1.1500959990371484
1.0472619978827424
0.9108320009545423
0.9276450000470504
0.7131180027499795
0.8399059988732915
0.7387209989246912
0.7037240029603709
0.6444350001402199
0.5226130015216768
0.5007750005461276
0.5960980015515815
0.32312999974237755
0.3153510006086435
0.35849000050802715
0.40429699947708286
0.2740679992712103
0.2778899979603011
0.330394999764394
0.22359400099958293
0.6068670008971822
0.2586439986771438
0.3557339987310115
0.2540420027798973
0.35377299718675204
0.206322998565156
0.42192999899270944
1.3963560013507959
1.2907829986943398
1.837403000536142
1.7333910000161268
0.45799899817211553
0.40985899977386
0.22981599977356382
0.32523899790248834
0.26654600151232444
0.586324000323657
0.5451239994727075
0.7832970004528761
0.8101759995042812
0.956023002800066
1.2952629986102693
0.8143450031639077
0.8763940022618044
0.6352630007313564
0.4804640011570882
0.20180499996058643
0.2667909975571092
0.19778900241362862
0.3725969982042443
0.24636599846417084
0.4460279997147154
0.5227020010352135
0.5039560019213241
0.37664199771825224
0.5796619989268947
0.39865199869382195
0.3899020011886023
0.30738699933863245
0.38764799683121964
1.1745359988708515
0.8628169998701196
1.1904319981113076
1.0869559991988353
0.8024509988899808
1.0750190012913663
0.9982650008169003
0.8422459977737162
0.3215789984096773
0.9283750005124602
0.2803450006467756
0.21603899949695915
0.22290700144367293
0.370660000044154
0.3374309999344405
0.31437899815500714
0.306261998048285
0.1743849970807787
0.2616120000311639
0.33089000135078095
0.32834500234457664
0.755880002543563
0.7155639978009276
1.232626997079933
1.0615380015224218
1.2547600017569494
0.8885509996616747
0.3964279967476614
0.39449199903174303
0.23221000083140098
0.3929960003006272
0.25342300068587065
0.5876620016351808
0.3395140010979958
0.29751199690508656
0.33118999999715015
0.45651199980056845
0.633681000181241
0.4812699989997782
0.4298389976611361
0.5020779972255696
0.3952449987991713
0.5517860008694697
0.3378199980943464
0.5252929986454546
1009.7841059978236
1009.1896300000371
1009.1067469984409
1009.8692669998854
1010.4407220023859
1009.8342630008119
1010.7305749988882
1010.5833179986803
1012.251901000127
1011.2573760015948
1013.1779729999835
1013.6801129992818
1012.4168859983911
1012.765308998496
1013.333483999304
1013.3917419989302
1015.7969680003589
1014.4847889969242
1018.8441009995586
1019.6485839987872
1015.285376997781
1020.4760010019527
1015.9473019994039
1024.3264739983715
1025.7340669995756
1016.7705899984867
1026.393027001177
1017.3906429990893
1017.8159709976171
1018.3850139983406
1018.8636220009357
1019.2761150028673
1019.8728060022404
1020.6051959976321
1020.9539160023269
1021.2885379987711
1021.6293220000807
1022.0359400009329
1022.3637570015853
1024.539284997445
1024.8799149994738
1025.2756740010227
1025.6069319984817
1025.9774509977433
1026.300118999643
1026.6680059976352
1026.9987370011222
1027.338891999534
1027.8744390016072
1028.5049840022111
1028.978742997424
1029.5208290008304
1030.6964650008013
1031.0815279990493
1031.5961160013103
1020.9802229983325
1021.3837279989093
1021.7018799994548
1022.4838860012824
1022.804634001659
1024.0387249978085
1024.3939740030328
1024.7709149989532
1025.1076919994375
1026.001695998275
1026.278679000825
1026.741731002403
1028.2718689995818
1028.6816129992076
1029.0000380009587
1029.3252510018647
1029.642289999174
1029.970299001434
1030.2787159998843
1030.6380420006462
1030.965481997555
1031.2779919986497
1031.635618997825
1031.9395090009493
1032.2830190016248
1032.8511480001907
1034.2922749987338
1034.6113039995544
