1.6209200002776925
0.7096599983924534
1.201622999360552
0.5347059995983727
0.5172919991309755
0.33902299765031785
0.4135039998800494
0.7418390014208853
0.8116200006043073
8.501381998939905
0.49967099766945466
0.5656879984599072
0.42915300218737684
0.47426899982383475
0.28072300119674765
0.2831290003086906
0.166319001436932
0.16683400099282153
0.546397001016885
0.5201870008022524
0.28347699844744056
0.2503499999875203
0.24587799998698756
0.15079200238687918
0.1438489998690784
0.3999289983767085
0.334775002556853
0.7433270002366044
0.23071400210028514
0.1888250008050818
0.29645999893546104
0.41995100036729127
0.3313839988550171
0.1655730011407286
0.3857770025206264
0.39905499943415634
0.33370000164723024
0.35517500145942904
0.27983999825664796
0.21275700055412017
0.2686529987840913
0.33358699874952435
0.25731500136316754
0.22179300140123814
0.2872619988920633
0.24332699831575155
0.22336099937092513
0.2001389984798152
0.23979999969014898
0.6082459985918831
0.2588419993116986
0.43384799937484786
0.31690400282968767
0.2645519998623058
0.2575649996288121
0.21220099733909592
0.32206600008066744
0.37059199894429184
0.321395000355551
0.2260270011902321
0.2989050008181948
0.2664359999471344
0.37723800051026046
0.3319890020065941
0.7318940006371122
0.6727660002070479
0.5698009990737773
0.6307670009846333
0.4894640005659312
0.43948399979854
0.27975500051979907
0.3606119971664157
0.27972599855274893
0.5097430002933834
0.4955139993398916
0.5873250011063647
0.41306200000690296
0.3977999986091163
0.2391720008745324
0.27587300064624287
1.4242329998523928
1.7342169994662981
1.9039550024899654
1.9919530022889376
1.0579290028545074
0.6236250010260846
0.4094930009159725
0.36071499926038086
0.45040699842502363
0.31954199948813766
0.2502940005797427
0.15317900033551268
0.30187599986675195
0.45029000102658756
0.3421180008444935
0.3526089967635926
0.45902000056230463
0.3013239984284155
0.37019299998064525
0.17606999972485937
0.26406400138512254
0.29919300141045824
0.41276199772255495
0.3507269975671079
0.38524700357811525
0.41546099964762107
0.4557569991447963
0.3259329969296232
0.5604250000033062
0.5138280030223541
0.4562440008157864
0.4177959999651648
0.7011400011833757
0.3128589996777009
0.3169470001012087
0.2777259978756774
0.285248999716714
0.35222099904785864
0.3969710014644079
0.22425100178224966
0.26744599745143205
0.3214589996787254
0.3367890021763742
0.9148960016318597
0.783117997343652
0.7294860006368253
0.7469520023732912
0.6380909981089644
0.5296710005495697
0.5054680004832335
0.35369000033824705
0.3158979998261202
0.428617000579834
0.3771459996642079
0.3077000001212582
0.5654599990521092
0.44929700015927665
0.5540519996429794
0.19996599803562276
0.2515259984647855
0.8543730000383221
1.243871000042418
1.1435640008130576
1.0950010000669863
0.9149060024356004
1.2326379983278457
1.752217998728156
0.9573610004736111
1029.9890140013304
1030.3168169994024
0.6594570004381239
0.5415650011855178
0.5603429999609943
0.5106190001242794
0.7607949992234353
1.3220149994594976
1.101799000025494
1.6926379976212047
1.068697001755936
0.8642270004202146
0.30233000143198296
0.41119999877992086
0.2818389984895475
0.9065079975698609
0.5637479989673011
0.35662000300362706
0.3358850008226
5.232442999840714
4.928939997626003
0.903485000890214
0.28991599901928566
0.19019400133402087
0.5230579990893602
0.41558800148777664
0.32810799893923104
0.2212489998782985
0.32737100264057517
0.6611899989366066
0.3961199981858954
0.26018200151156634
0.7781779968354385
0.34346399843343534
0.2763459997368045
0.2413809997960925
1.1198400025023147
0.27238400070928037
0.3092970000579953
0.35150599796907045
0.2600369989522733
0.1834779977798462
0.7434990002366249
0.5690229991159867
0.7956310000736266
0.5097430002933834
0.4997159994672984
0.40106900269165635
0.2999150019604713
1.6128249990288168
0.20381400099722669
0.17876399942906573
0.27241199859417975
0.2940180020232219
0.37180999788688496
0.44504600009531714
0.37006499769631773
0.7292019981832709
0.5984329982311465
0.5604429970844649
0.3961000002163928
0.35723600012715906
0.3253270006098319
0.2590450021671131
0.5659050002577715
0.31658800071454607
0.29634699967573397
0.3179459999955725
0.1874329973361455
0.18224100131192245
0.19964600141975097
0.151676002133172
0.4387840017443523
0.4466280006454326
0.25428799926885404
0.4751540000142995
0.8341109969478566
0.8146939981088508
0.7811579998815432
0.7657320020371117
0.6932200012670364
0.6863950002298225
0.28133100204286166
0.2099979974445887
0.26632500157575123
0.21779000235255808
0.33968799834838137
0.38511700040544383
0.42703399958554655
0.2286970011482481
0.2635649980220478
0.3323250020912383
1.2290570011828095
0.3868349995173048
0.3464399997028522
0.31193199902190827
0.4581479988701176
0.4198620008537546
0.3678460016089957
0.37214800249785185
0.22960600108490326
0.2066449997073505
0.26427899865666404
0.5127440017531626
0.5610140033240896
0.2983009981107898
0.9360089970869012
0.6871670011605602
0.6419740020646714
0.43274799827486277
0.27936799961025827
0.6924579975020606
0.29915900086052716
0.7655529989278875
0.9154400031547993
0.5821720005769748
0.799732002633391
0.5939660004514735
0.5506100023922045
0.5044909994467162
0.21232099970802665
0.4584039998007938
0.390220000554109
0.4366899993328843
0.28302099963184446
0.351407998095965
0.26391600113129243
0.3551909976522438
0.3712879988597706
0.48853300177142955
0.6474140027421527
0.31287800084101036
0.4617530030373018
0.575605001358781
0.33606899887672625
0.5810139991808683
0.312702999508474
0.269730000582058
0.29934699705336243
0.24421599664492533
0.49628900160314515
0.2269690012326464
0.2537660002417397
0.29096500293235295
0.2842450012394693
0.4016679995402228
1004.0153080008167
1004.6767449966865
1005.2151919990138
1004.8204349986918
1004.6674479999638
1004.6918320003897
0.5860390010639094
0.4600120009854436
0.5557199983741157
1.9002129993168637
0.5300669981807005
1.414161000866443
1.4483929990092292
1.1576920005609281
0.8726080013730098
0.9471230005146936
5.06346100155497
5.060024999693269
5.0527619969216175
4.959638998116134
4.904798999632476
4.8561619987594895
4.829452998819761
4.620233001332963
4.6371829994313885
5.860700002813246
