0.5789770002593286
0.9770659999048803
0.9624099984648637
0.3543210004863795
0.8122349972836673
0.4279259992472362
0.28937300157849677
0.19247499949415214
0.31698900056653656
0.30332700043800287
0.294478999421699
0.21983799888403155
0.46456999916699715
0.5447799994726665
1.0914759986917488
0.6134579998615663
1.1123149997729342
1.0853130006580614
0.25663699852884747
0.9461790032219142
0.8586170006310567
0.4267699987394735
0.45814099939889275
0.4473980006878264
0.43983100113109685
0.27052800214732997
0.3450639997026883
0.36850700053037144
4.6728260022064205
12.410493000061251
0.3626990001066588
0.36537699998007156
0.3390140009287279
0.23803500153007917
0.23697600045125
0.24432400095975026
0.31940400003804825
0.3363290015840903
0.2603880020615179
0.21610799740301445
0.7114889995136764
0.6675850017927587
0.4852759993809741
0.4874879996350501
0.4698020020441618
0.294023997412296
0.9732580001582392
0.36695300150313415
0.4096350021427497
0.1751079980749637
0.22259799879975617
0.22975200045038946
0.44614600119530223
0.33514499955344945
0.2789760001178365
0.6494189983641263
0.7147220021579415
0.49222099914913997
0.8135850002872758
0.7818869999027811
1.2248310013092123
0.725496000086423
0.360934001946589
0.7115420012269169
0.27949500145041384
0.25566600015736185
0.31003299955045804
0.18217899923911318
0.17445200137444772
0.2752579966909252
0.2531589998397976
0.26949599850922823
0.24634199871798046
0.5930179977440275
0.3043139986402821
0.2963210026791785
0.3489180016913451
0.4771209969476331
0.2577029990789015
0.48022600094554946
1.2193350012239534
0.3481679996184539
0.3877929993905127
0.7283329978235997
0.31516099988948554
0.33913600054802373
0.43610700231511146
0.5685779979103245
0.25388900030520745
0.2840020024450496
0.30903999868314713
0.2602380009193439
0.41613299981690943
0.386752999474993
0.46478700096486136
0.36786100099561736
0.41207300091627985
0.8508620012435131
1.093642000341788
0.8198909999919124
0.36584300323738717
0.9292280010413378
0.43240100058028474
0.3942500006814953
0.47675699897808954
0.33439100297982804
0.35395399754634127
0.4450820015335921
0.4978299984941259
0.42742699952214025
0.39368199941236526
0.39001499681035057
0.269994001428131
0.28782500157831237
0.2611230011098087
0.2959609992103651
0.25870699755614623
0.32745799762778915
0.8532169995305594
0.5334540001058485
0.7200539985205978
0.5138910019013565
0.8689850001246668
0.5960140006209258
0.7411369988403749
0.9550819995638449
0.8504180004820228
1.146522001363337
1.0819150011229794
0.9146949996647891
0.8254599997599144
1.0620380016916897
0.8480470023641828
0.4356089993962087
0.9083430013561156
0.3356439992785454
0.5423069997050334
0.3487450012471527
0.3054789995076135
1.2257840025995392
1.2297900029807352
0.9004839994304348
1.290919000894064
0.9642090008128434
1.6766500011726748
1.69574699975783
1015.1376349967904
1014.5846039995376
1016.098697000416
1015.9321789979003
1.1506609989737626
1.2007650002487935
1.3123680000717286
1.2028100027237087
0.9597939970262814
0.8810600011202041
0.8945340014179237
0.5643220029014628
0.8959309998317622
1.1123020012746565
0.9444390016142279
1.1748889992304612
1.0567470017122105
1.01250199804781
6.599626001843717
6.318184998235665
6.000987003062619
5.829579000419471
5.43095100147184
7.449917000485584
4.875905997323571
7.135476000257768
5.523248000827152
6.16707600056543
4.837358999793651
4.665471999032889
4.1108769983111415
4.672515999118332
3.8373629977286328
3.6610949973692186
3.546265001205029
5.718864002119517
7.887517000199296
3.6820749992330093
5.001892997825053
4.6292869992612395
2.8591900008905213
2.5237269983335864
2.445945003273664
1.9679270008055028
0.3332899977976922
0.4885660018771887
0.4864090005867183
0.4908980008622166
0.6652560005022679
0.4644049986382015
0.33885899756569415
1.1409470025682822
1.103976999729639
0.7678359979763627
0.29861399889341556
0.35484699765220284
0.42602699977578595
0.40147999970940873
0.234041999647161
0.605119999818271
0.4476569993130397
0.40468599763698876
0.9111130020755809
0.8695670003362466
0.39447599920094945
0.3219440004613716
0.35882199881598353
0.19451600019237958
0.4540230002021417
0.4261680005583912
0.276439001027029
0.4413620008563157
0.2975430033984594
0.23384700034512207
0.42260099871782586
0.16771300215623342
0.5293590002111159
0.27379799939808436
0.4916300022159703
0.4924120003124699
0.3999599975941237
1.8495189979148563
2.0896140013064723
1.9022019987460226
2.4444869995932095
0.20781100101885386
0.3629689999797847
0.327650999679463
0.6310349999694154
0.4546710006252397
0.47982500109355897
0.6446929983212613
0.5593589994532522
0.8495209985994734
0.7622509983775672
0.6068770017009228
0.822883997898316
0.5023529993195552
0.8503270000801422
0.36431099943001755
0.24455299717374146
0.3103359995293431
0.42590300290612504
0.16561600205022842
0.6566539996128995
0.5581270015682094
0.42607800060068257
0.9336559996881988
0.9530669995001517
0.7064989986247383
1.4069879980525002
2.0509780006250367
1.808312998036854
0.32114200075739063
0.5616019989247434
3.8300790001812857
0.39409499731846154
0.5798530000902247
0.5988500015519094
0.5926669982727617
0.5439000015030615
0.592993001191644
0.6233790008991491
0.7949809987621848
0.48260900075547397
0.3241720005462412
0.2834049992088694
0.3342540003359318
0.29324899878702126
0.30017599783604965
0.5720799999835435
0.49904400293598883
0.49484199917060323
0.5039030002080835
0.3945360003854148
0.46475400085910223
0.32804500006022863
0.3894850015058182
0.477462999697309
0.3391840000404045
1.0074450001411606
1.2046850024489686
0.6855200008430984
1.120591001381399
1.0785720005515032
0.9528190021228511
1.635122000152478
1.4770810012123547
1010.4816749990277
1011.3508890026424
1010.4080470009649
1010.9141829998407
1012.2181650003768
1011.9347459985875
0.8085160006885417
1.1141639988636598
0.4149350024817977
1.8829500004358124
0.38133699854370207
0.3741569998965133
0.43659299990395084
0.3014470021298621
0.2983129998028744
1.5425019992107991
0.36442700002226047
0.34886800131062046
0.26534099743003026
0.3401020003366284
0.2917120000347495
0.23047700233291835
0.16379299995605834
0.24465599926770665
0.25207400176441297
0.2491710001777392
1.003347999358084
0.9349970023322385
1.3156089989934117
0.44083200191380456
1.6877579982974567
1.6200460013351403
0.40987899774336256
0.3255180017731618
0.627542998699937
0.3644399985205382
0.37894400156801566
0.4549189980025403
0.3572170026018284
0.26918599905911833
0.8337780018337071
0.8277599990833551
1.0932000004686415
0.5133989980095066
0.4100740006833803
0.2602949971333146
0.4721370023617055
0.44862800132250413
0.415690999943763
0.4708919987024274
0.2859310006897431
0.26136100132134743
0.5690759971912485
0.46121899868012406
0.6227470003068447
0.2810930018313229
0.25130200083367527
0.40079999962472357
0.3191899995726999
0.40779399932944216
0.28197900246595964
0.24843699793564156
0.1658830005908385
0.31057000160217285
0.15483999959542416
0.371762002032483
0.37747299938928336
0.39650799953960814
0.3982270027336199
0.3421670007810462
0.29717100187554024
0.3900480005540885
0.3642779993242584
0.32825400194269605
0.29968200033181347
0.29100399842718616
0.21764900156995282
0.3588960025808774
0.8825679979054257
0.7507339978474192
0.68588299836847
0.7168289994297083
0.6187789986142889
0.7764639995002653
0.6573880018549971
0.5396759988798294
0.18396699670120142
0.4446540006028954
0.2865550013666507
0.33864599754451774
0.5695229992852546
0.38168500032043085
0.18899799761129543
0.579309999011457
0.36878099854220636
0.40200299918069504
0.39842299884185195
0.3431529985391535
0.22785300097893924
1.0976490011671558
0.9718399996927474
0.9992910017899703
1.2116360012441874
1.1744990006263833
1.1199250002391636
0.8697129997017328
0.33342499955324456
0.3192850017512683
0.24668199694133364
0.31166800181381404
0.6973419986024965
0.600618001044495
0.7615029971930198
0.5745630005549174
0.6058260005374905
0.4709169988927897
0.5015189999539871
0.4215789995214436
0.39270299748750404
0.40890600212151185
0.39392699909512885
0.2789270001812838
0.3224629981559701
0.17411299995728768
0.36351900052977726
0.23225000040838495
0.3079349990002811
0.3818180011876393
0.3531699985614978
0.29533999986597337
0.36836499930359423
0.3534200004651211
0.30028499895706773
0.4587619987432845
0.24344900157302618
0.8686139990459196
2.0125880000705365
0.28674100030912086
0.21469000057550147
0.325625002005836
0.7332470013352577
0.47386799997184426
0.5565089995798189
0.6110069989517797
1.0156869975617155
1014.8099079997337
1015.1394749991596
1014.8157069997978
1015.6975219979358
1015.8309350008494
1016.2259690005158
1016.4266860010684
1017.3476050003956
1018.2228350022342
1017.5849650004238
1017.5322739996773
0.3578239993657917
0.35593699794844724
0.23033199977362528
0.5270149995340034
0.8998589983093552
0.2725609992921818
0.40677299693925306
2.8818620012316387
2.8481709996412974
3.311073000077158
2.644105999934254
3.1186840024020057
3.410102002817439
2.686781997908838
2.598975999717368
3.145148999465164
2.555875002144603
3.645709999545943
3.3605470016482286
3.1898419983917847
3.0812420009169728
2.979010001581628
2.869463001843542
4.080836002685828
3.4687339975789655
4.0399880017503165
3.183689001161838
2.0452289973036386
1.9439440002315678
2.09897400054615
2.083040999423247
2.154409001377644
2.514017000066815
2.5235970024368726
2.338114001759095
2.3035159974824637
2.1415939991129562
2.3241900016728323
2.69681699865032
3.0484650014841463
2.4667580000823364
1.7471599967393558
1.6644880015519448
1.980813998670783
1.5378129974124022
1.7814929997257423
1.5435169989359565
1.1669420018733945
1.960827998118475
1.0797380018630065
0.3811130009125918
0.24936000045272522
0.4656959972635377
0.29957600054331124
0.5565799983742181
0.5978980007057544
0.4752329987240955
0.4830739999306388
0.35963099799118936
0.3976139996666461
0.2213890002167318
0.22883799829287454
0.3822610015049577
0.35735999699682
0.3568899992387742
0.29359499967540614
0.23444600083166733
0.4659079968405422
0.19172999964212067
0.43799100239994004
0.3119259999948554
0.9266889974242076
0.7493069970223587
0.7059400013531558
0.922811002965318
0.7431710000673775
0.7662749994779006
0.5413010003394447
0.6211869986145757
0.19976699695689604
0.41424700248171575
0.40455199996358715
0.2922470011981204
0.2544470007705968
0.3221299994038418
1.417551000486128
1.4381340006366372
0.4032929973618593
0.3477300015219953
0.32273300166707486
0.5977219989290461
0.2055160002782941
0.45366699851001613
0.21547799769905396
5.637449001369532
5.570708999584895
5.573977003223263
5.795466000563465
5.49850800234708
5.2873339991492685
0.3382069990038872
0.6009799981256947
0.3556140000000596
0.44509099825518206
0.37263800186337903
0.320443999953568
0.3164939989801496
0.3131379999103956
0.3081979994021822
0.41609899926697835
0.3627939986472484
0.3903760007233359
0.7552690003649332
0.44780399912269786
0.6665700020676013
0.8267180019174702
0.5832179995195474
0.6688950015814044
2.8775930004485417
2.597557002445683
3.0281399995146785
2.711225999519229
2.464103999955114
2.7566820026549976
2.608607999718515
2.2295619965007063
2.6963390009768773
2.2845200001029298
2.6479909975023475
2.395136998529779
2.39363500077161
2.2908970022399444
2.15886799924192
1.9340280014148448
1.6993600002024323
2.3915960009617265
2.289162999659311
1.7712240005494095
2.184009998018155
6.128777997219004
3.659981997770956
3.5639720008475706
3.3265060010307934
3.2090219974634238
3.0435080007009674
1006.2906149978517
1006.763638000848
1007.2073960000125
1007.6013979996787
1007.5249309993524
0.9300910023739561
1.0016790001827758
1.0689999980968423
0.6756340007996187
0.6629290001001209
3.0986080018919893
0.7491729993489571
1.6981350017886143
0.9525839996058494
0.8492309971188661
0.9664660028647631
0.8753849979257211
0.5175590013095643
0.6804279983043671
0.5780809988209512
0.5579359967669006
1.1309490000712685
1.032897998811677
0.8249160018749535
0.8384690008824691
0.8379350001632702
0.5794669996248558
1.468376001867
1.329589998931624
1.440398998965975
1.2691320007434115
0.979784999799449
0.28489900068962015
1.1305619991617277
0.5150510005478282
0.24796600337140262
0.3948640005546622
0.30237000100896694
0.3428999989409931
0.2942079991044011
0.27507599952514283
0.46518399904016405
0.38788700112490915
0.274882997473469
0.20653799947467633
0.384580998797901
0.30085900289122947
0.3757369995582849
0.5943869982729666
0.36182699841447175
0.30280799910542555
0.7594609996885993
0.7744499998807441
0.8062630004133098
0.5773600023530889
0.6692809984087944
0.7809290000295732
0.9002600017993245
0.7196260012278799
0.5033070010540541
0.5167300005268771
0.4080619983142242
0.38743100230931304
0.7893869988038205
1.1544029985088855
0.7958630012581125
1.1758299988287035
0.873248001880711
0.5582089979725424
1.1023220031347591
0.87667800107738
0.3905500016117003
0.49644299724604934
0.3198409976903349
0.3327109989186283
0.30751500162295997
0.2716189992497675
0.374281000404153
0.34822199813788757
0.32917599673965015
0.2214640007878188
0.37231999885989353
0.32949999877018854
0.36024099972564727
0.27752200185204856
0.2541760004532989
0.4866939998464659
0.8149009991029743
1.3052819995209575
1.171037001768127
1.009332001558505
0.9978909984056372
0.4984859988326207
0.9005270003399346
0.4777079993800726
1.5552430013485719
3.485874996840721
3.389663997950265
3.8562099980481435
4.160584998317063
0.8849149999150541
0.344923999364255
0.5261580008664168
0.5824590007250663
0.3140260014333762
0.46415299948421307
0.2486280027369503
0.5952210012765136
0.4692799993790686
0.2990100001625251
0.25697299861349165
0.42709899935289286
0.35320800088811666
0.8659269988129381
0.7253339972521644
0.8730459994694684
0.7665739976800978
0.40999200064106844
0.3571089982870035
0.3520200007187668
0.27484699967317283
0.7714509993093088
1.1050139983126428
0.871951000590343
0.729308001609752
0.6700209996779449
0.9433369996258989
1.2226360013301019
0.7494089986721519
0.47216199891408905
0.2725449994613882
0.22832200193079188
0.4006430026493035
0.6275919986364897
0.2897059966926463
0.40590299977338873
0.22405300114769489
0.3364430012879893
0.3839920027530752
0.32447900230181403
1012.5816619984107
1011.126729001262
1011.0842850008339
1010.7744090018969
1011.5754719990946
1011.9182859998546
1011.5743880014634
1012.2884170014004
1011.9279499995173
1012.8181840009347
1012.3790869984077
1012.6713150020805
1013.4879969991744
1013.1418710006983
1013.5282880000887
0.5538850018638186
0.4695759998867288
0.3520460013533011
4.780859002494253
0.4199979994155001
0.5209390001255088
0.33740999788278714
0.7086009973136242
0.3915070010407362
0.32717800058890134
0.4443949983397033
0.2791619990603067
0.22174500190885738
0.9205379974446259
1.733809996949276
0.4584259986586403
0.4432909991010092
0.38532399776158854
0.29228199855424464
0.7024500009720214
0.4811830003745854
3.02042100156541
0.42316599865444005
0.4890380005235784
0.6847039985586889
0.6028460011293646
0.7544929976575077
0.6167959982121829
0.5552490001718979
0.4370420028863009
0.5553830014832783
0.25226599973393604
0.30272900039562955
0.15256999904522672
0.37798099947394803
0.3316610018373467
0.3804299994953908
0.6401250029739458
0.3835870011243969
0.4171489999862388
0.5330730018613394
0.34818899803212844
0.23359300030278973
0.2606569978524931
0.5101910028315615
0.3534780007612426
0.2713529975153506
0.2958330005640164
0.7202140004665125
0.5649480008287355
0.33059799898182973
0.5004529994039331
0.5064479992142878
0.35927600038121454
0.35135199868818745
0.22430500030168332
0.23878600040916353
0.3197860023647081
0.6845419993624091
0.783491999754915
1.0997189965564758
0.5654089982272126
0.7775750018481631
0.9663529999670573
0.4484250021050684
0.2546169998822734
0.3265029990870971
0.264354999671923
0.3616390022216365
0.39018299867166206
0.34847300048568286
0.36539300344884396
0.23410999710904434
0.40194200119003654
0.37375300234998576
0.7149310004024301
1.1450369966041762
0.7914479974715505
0.5142700028955005
0.8903420020942576
0.6369110014929902
0.31290200058720075
0.4632800009858329
0.2576529986981768
0.3229809990443755
0.2616599995235447
0.21179999748710543
0.3659009998955298
6.809836999309482
1.0460990015417337
0.8214080007746816
0.6274769984884188
0.5259319987089839
0.9556049990351312
0.4832459999306593
3.00585399963893
3.0594109994126484
3.0888440014678054
3.2156229972315487
2.8806150003219955
0.25223000193363987
0.3680020017782226
0.18274900139658712
0.49346699961461127
0.3856289986288175
0.6318749983620364
0.252338002610486
0.4080420003447216
0.49995399967883714
0.7318889984162524
0.397802003135439
0.5994200000714045
0.33383600020897575
0.33645599978626706
0.4596740000124555
0.3200309984094929
0.27942800079472363
0.1781210012268275
0.36345799890113994
0.4658289981307462
0.41918699935195036
0.26526000146986917
0.4128880027565174
0.2604770015750546
0.3924889970221557
0.25592100064386614
0.273880003078375
0.2389880028204061
0.7258950026880484
6.136236999736866
6.044842000846984
5.920674000662984
5.627536000247346
5.139630997291533
4.9550670009921305
4.846575000556186
5.580634002399165
4.780187002324965
3.1476089970965404
2.6485909984330647
2.333208001800813
1.7680160017334856
1.6336810003849678
8.432010999968043
2.1703380007238593
2.0738230014103465
1.7529699980514124
1032.3175220000849
1033.0333380006778
1036.3246529996104
0.6168599975353573
0.9797320017241873
0.6271179991017561
0.5241600010776892
0.3571739980543498
0.34720199982984923
0.2797369998006616
0.24705100076971576
0.4606910006259568
0.3308550003566779
0.5076350025774445
0.31547499747830443
0.48974099991028197
0.9984230018744711
1.3418179987638723
2.1257599983073305
0.24132700127665885
0.6655319994024467
0.262219000433106
0.3981589979957789
0.9271580020140391
0.48470599722350016
6.198355000378797
0.4902010005025659
0.37439700099639595
0.609583999903407
0.3722809997270815
0.36920200000167824
0.4012790013803169
2.6816420031536836
2.869045001716586
2.6408480007376056
2.791553000861313
2.657721001014579
2.5568860000930727
2.542580001318129
2.466743997501908
2.454002002195921
2.436574002786074
2.3084089989424683
2.2099350026110187
2.1226950011623558
2.0581499993568286
2.0305489997554105
1.9950979985878803
1.933567997184582
1.787334000255214
1.7581389984115958
1.6967040028248448
1.7109199980041012
0.8376590012630913
0.7882749996497296
1.1680440002237447
0.8638699982839171
0.6320100001175888
0.6085360000724904
0.20066499928361736
0.6905750014993828
1.0933559969998896
1.056394998158794
0.9988940000766888
1.0547419988142792
1.0711310023907572
0.7337149982049596
0.9571560003678314
0.3776399971684441
1.414275997376535
0.7126819982659072
1.0096349978994112
0.4597080005623866
0.43556599848670885
0.29792300119879656
3.896753001754405
0.44746099956682883
2.069001999188913
1.6910600024857558
0.3777429992624093
0.473913001769688
0.4592910008796025
0.31080899861990474
0.5316460010362789
0.9550850008963607
0.7160630011640023
0.42742300138343126
0.797295000666054
0.38022200169507414
0.7136400017770939
0.9024259998113848
0.8136819997162092
0.7641449992661364
0.820100998680573
0.5530849994102027
0.8166879997588694
0.4359859995020088
0.37298499955795705
0.42889200267381966
0.29997299861861393
0.2945520027424209
0.4727020022983197
0.31861999741522595
0.969679000263568
0.6984700012253597
1.0392149997642264
0.6953169977350626
0.6933740005479194
0.6431040019378997
1.276544000575086
1.1320160010654945
0.8511589985573664
0.767325000197161
0.5944599979557097
0.45704500007559545
0.3942719995393418
0.441201998910401
0.31426599889528006
0.4225000011501834
0.3550239998730831
0.38328200025716797
1.7727150006976444
1.9441130025370512
0.40511699990020134
4.359537000709679
5.264891999104293
1.9608110014814883
0.2268839998578187
0.30764599796384573
0.5672760016750544
0.3325889992993325
0.6896679988130927
0.6327369992504828
0.32228499912889674
0.29297500077518634
0.23995799710974097
0.3515349999361206
0.41620200136094354
0.28690899853245355
0.17714500063448213
0.24748700161580928
0.48872799743548967
0.2775619977910537
0.47998700028983876
0.19695500304806046
0.20643499738071114
0.27024600058211945
0.13517199840862304
0.2146199985872954
0.9256570010620635
0.8923210007196758
0.6439099997805897
0.4438460018718615
0.3364349977346137
0.2976850009872578
0.5381759983720258
0.9429759993508924
0.6601019995287061
0.3635159991972614
0.40082399937091395
1.7595979988982435
0.22281999918050133
0.5609709987766109
1013.040973997704
1013.3982699990156
1013.7089300005755
1014.1127040005813
1014.4806270000117
1015.2499620016897
1015.760723999847
1016.1528309981804
1016.5098719990056
1013.974245001009
1014.3467690031684
1014.7374890002538
1015.0929049996193
1015.5071610024606
1015.7598500009044
1016.0298279988638
1016.4682439972239
1017.2779730019101
1017.6429929997539
1018.0680640005448
1018.5968539990427
1018.9902109996183
1019.380502999411
1019.7655869997106
1020.1674609998008
1020.5253970016201
1020.8538680017227
1022.0512510022672
1018.8663770022686
1019.2763590021059
1019.6698579966323
1020.0962039998558
1020.4993920015113
1020.895355999528
1021.3909580015752
1022.0017140018172
1022.3751649973565
1022.9707950020384
1023.2263110010535
1023.3657650023815
0.39595699854544364
0.40467399958288297
0.2798829991661478
0.6074630000512116
0.6225130018719938
0.5190100018808153
0.5846540007041767
1.991024000744801
2.2211139985301998
1.951409001776483
1.4612410013796762
2.0789049995073583
2.4831869995978195
1.1596230033319443
2.006893999350723
1.7144230005214922
1.780176997272065
0.5213590011408087
4.937736001011217
0.6538709967571776
0.8813649983494543
0.6470449989137705
0.619648999418132
0.5962659997749142
0.26719300149125047
1.5166240009421017
0.41635600064182654
3.7933720013825223
0.38752600084990263
0.849646999995457
0.2762869989965111
0.48373299796367064
0.3914059998351149
1.6394259982916992
1.7889599985210225
2.184651002608007
0.3620120005507488
0.20645800032070838
0.29437899866024964
0.5413920007413253
0.3588660001696553
0.39480600025854073
0.3531280017341487
0.23975499789230525
0.4607539995049592
1.0400559986010194
0.982569999905536
0.7708490011282265
0.29722800172748975
0.19750199862755835
0.274424997769529
0.7870770023146179
0.8151200017891824
1.1399920003896113
0.7524440006818622
0.5761300017184112
0.900589999218937
0.5807330016978085
0.3721390021382831
0.36001799890073016
0.19170999803463928
0.41859500197460875
0.44826399971498176
0.4036549980810378
0.4252579965395853
0.5443769987323321
1.0841189978236798
0.27954799952567555
0.22998900021775626
0.2908099995693192
0.2667939988896251
0.4035789970657788
0.46004999967408367
0.39569000000483356
0.4229589976603165
0.3504310006974265
0.6264809999265708
0.45714600128121674
0.9253879979951307
0.6675749973510392
1.205856999149546
1.1788009978772607
0.9644780002417974
0.5885749997105449
0.5023899975640234
0.3796220007643569
0.36898499820381403
0.23279699962586164
0.35296100031700917
0.2805440017255023
0.27744699764298275
0.36712099972646683
0.3043290016648825
0.7849930007068906
0.8442289981758222
0.7082890006131493
0.6226449986570515
1.3079060008749366
0.433193999924697
1.0849959980987478
0.21963399922242388
0.3428210002311971
0.3617130023485515
0.3587559986044653
0.2001569991989527
0.26824199812836014
0.4282849986338988
0.35646000105771236
0.34126800164813176
1009.9954760007677
1007.7880980024929
1007.9746160008654
1008.3032330003334
1008.2525950019772
1009.3008350013406
1008.6552079992543
1013.2274310017237
1009.7910299991781
1010.1731730028405
1009.9227980026626
1009.444335999433
1010.6500709989632
1010.8326360023057
1010.557465000602
1011.1182869986806
1013.194676997955
1012.0029690006049
1012.6408399992215
1013.0001950019505
1011.7044809994695
1013.3555969987356
1013.0605669983197
1014.4951170004788
1014.8718999989796
1015.1904240010481
1012.7078119985526
1012.7340729995922
1015.9335470016231
1015.0906079979904
1015.0628960000176
1016.1662230020738
1016.2082069982716
1015.0791679989197
1014.4079579986283
1017.0682419993682
1017.243119997147
1017.4964369980444
1015.8408650022466
1014.7590089982259
1015.7656970004609
2.0504539970715996
1.7870740011858288
2.0470199997362215
1.6077740001492202
1.3897470016672742
1.9534050006768666
1.3955419999547303
1.0466559979249723
0.9468890020798426
1.8280719996255357
1.5870900024310686
0.9909860018524341
0.5099369991512503
0.32514199847355485
0.33809700107667595
0.7186050024756696
0.4922659973090049
0.39979899884201586
0.7298249984160066
0.6530309983645566
0.576750000618631
0.549414999113651
0.36099199860473163
0.6348290007736068
0.23729699751129374
0.3409489982004743
2.733033001277363
2.781463997962419
2.5742449979588855
2.959904999443097
2.6107200028491206
2.4300020013470203
4.26322400016943
2.925591998064192
2.962845999718411
1.415347996953642
4.114962997846305
3.841880003164988
3.1757430006109644
2.111218000209192
3.780658000323456
2.310472998942714
2.703516998735722
3.387502998521086
3.729591997398529
0.3506499997456558
0.3059600021515507
0.3075820022786502
0.46348400064744055
0.21196500165387988
0.5028170016885269
0.3831140020338353
9.316571999079315
8.259710997663205
7.949429000291275
7.906655999249779
7.725649000349222
7.608008003444411
7.374580000032438
7.332828998187324
7.214637000288349
7.122119000996463
9.25270099833142
7.1021219991962425
6.702570000925334
7.066450998536311
6.711714999255491
6.58728400230757
7.24259199705557
6.490108997240895
8.767994997469941
6.328023002424743
6.25852699886309
6.085299999540439
5.920364998019068
5.878078001842368
5.8756779981194995
5.849807999766199
5.832275997818215
5.7992600013676565
5.771339998318581
5.750207998062251
5.689238998456858
5.632229000184452
5.602003999229055
5.5686140003672335
11.28976800100645
11.041255998861743
14.074270002311096
12.637060000997735
15.59870100027183
15.092993999132887
14.933417001884663
16.024215998186264
12.138732003222685
16.908216999581782
13.74513799964916
17.9546469989873
15.629535999323707
14.047471999219852
0.33141499807243235
0.5703749993699603
0.28422600007615983
0.43075199937447906
0.30247399990912527
0.2515380001568701
0.5573390008066781
0.8099879996734671
0.4452620014490094
0.38433900044765323
0.34056300137308426
0.3772919990296941
0.3798630023084115
0.7344799996644724
0.6370699993567541
0.6151000015961472
2.391647001786623
1001.5628449982614
1001.5784639981575
1001.9352570016054
1002.165194000554
1003.9546570005768
1004.6442579987342
1004.3644370016409
1004.799925001862
1004.8640070017427
1005.3497979970416
1031.5794599991932
1029.32940699975
1028.6900079991028
1029.328879001696
1029.092100001435
1032.4567120005668
1032.3195229975681
1033.4566450001148
1033.116804999736
1033.4282830008306
1033.640296998783
1033.656562998658
1031.938876996719
1035.2647839972633
1032.409261999419
1035.4522130000987
1032.7940419992956
1033.4899589979614
1032.4654929972894
1033.1735709987697
1033.9119360032782
1034.7866230004001
1034.7053479999886
4.941777999192709
4.270646000804845
3.423979000217514
4.150066997681279
5.019162999815308
4.235538002831163
0.7605450009577908
5.35017299989704
0.5901200020161923
0.6057509999664035
0.5637729991576634
0.3959540008509066
0.2760700008366257
0.7294679999176878
0.6606030001421459
0.37391500154626556
0.28578600176842883
0.33302600058959797
0.3604710000217892
0.3371919992787298
0.300422001600964
0.2502630013623275
0.2203009971708525
0.44458800039137714
0.3308220002509188
0.3183679982612375
0.3249219989811536
0.2815160005411599
0.9610850029275753
0.8359970015590079
0.6985550026001874
0.8536589994037058
0.6027660019753966
0.7656279994989745
0.5749370029661804
0.658807999570854
0.5803639978694264
0.33064899980672635
0.2637430006871
0.6442249978135806
0.3845249993901234
0.7969020007294603
0.7270869973581284
0.681985002302099
0.7083909986249637
0.31582999872625805
0.290435000351863
0.260199998592725
0.8202859971788712
0.47467399781453423
0.18639600239112042
0.2559380009188317
0.3437980012677144
0.21196800298639573
0.3801099992415402
0.2817130007315427
0.3924429984181188
0.5293840004014783
0.39360099981422536
0.266369002929423
0.6156909985293169
0.4692530019383412
0.6148920001578517
0.4464900011953432
0.4260929999873042
0.30140200033201836
0.24625899823149666
0.35872899752575904
0.4479390008782502
0.5350110004656017
0.43172400182811543
0.36108100175624713
0.5316419992595911
0.3340279981784988
0.3729940035555046
0.34854199839173816
0.5168339994270355
0.3689719997055363
0.30419999893638305
0.29757000083918683
0.2927690002252348
0.2876610014936887
1.440395997633459
1.2942270004714373
0.7485710011678748
0.7210820003820118
0.6806290002714377
0.8831420018395875
0.834124002722092
0.7920230018498842
1.653809998970246
1.6302610019920394
1.592261000041617
1.4961529996071476
1.5076109993970022
1.4605899996240623
1.342316001682775
1.7514120008854661
1.2741549981001299
5.187582999496954
0.22638399968855083
0.3072869985771831
0.2748180013441015
0.3159120024065487
0.27349800075171515
0.18242700025439262
0.46420899889199063
0.2856499995687045
0.25579199791536666
0.3613129993027542
0.3984460017818492
0.40101600097841583
0.4599269996106159
0.28972099971724674
0.5400980007834733
0.5657110013999045
0.8746169987716712
0.641270999039989
0.6886660012241919
1.2710299997706898
0.34677900112001225
0.3330829968035687
0.37685899951611646
1010.2881860002526
1010.3282349991787
1011.2562450012774
1012.1847360023821
1012.0550450010342
1014.1002819982532
1016.9626909992076
1013.3178729993233
1013.8342719983484
1014.2849670010037
1014.7374299995136
1015.1950840008794
1015.6997990015952
1013.0287430001772
1013.3662539992656
1013.7572310013638
1014.2888269983814
1014.8041159991408
1015.1655609988666
1015.5717339985131
1016.06728799743
1016.8142529983015
1017.2725320007885
1017.667968000751
1018.6129709982197
1018.976665000082
1020.0554760012892
1.5427840007760096
1.1649090010905638
0.9035309994942509
1.7928760025824886
0.9570010006427765
0.9384990007674787
0.6690540030831471
0.5209249975450803
0.27728299755835906
0.5775710014859214
0.45642300028703175
0.44568699740921147
0.3732330005732365
0.4039980012748856
0.19322299704072066
0.26083099874085747
0.194385000213515
0.1737689999572467
0.422862998675555
0.306870999338571
0.4300110012991354
0.3570400003809482
0.2793499988911208
0.31458000012207776
0.26505500136408955
0.2616559977468569
0.19997799972770736
0.275029000476934
0.28991200088057667
0.3275380004197359
1.621504001377616
1.584445002663415
1.606978003110271
1.5447869991476182
1.3551049996749498
1.6376150015275925
1.282576999074081
1.4477019976766314
1.7951789996004663
1.1747930002456997
1.4261199976317585
1.0283810006512795
0.45519099876401015
0.2726870006881654
1.1687929982144851
1.1199959990335628
1.0436400007165503
1.884105000499403
0.7275259995367378
0.37316299858503044
